time;1    50 50 0
2    50 50 0
3    50 50 0
4    50 50 0
5    50 50 0
6    50 50 0
7    50 50 0
8    50 50 0
9    50 50 0
10    50 50 0
11    50 50 0
12    50 50 0
13    50 50 0
14    50 50 0
15    50 50 0
16    50 50 0
17    50 50 0
18    50 50 0
19    50 50 0
20    50 50 0
21    50 50 0
22    50 50 0
23    50 50 0
24    50 50 0
25    50 50 0
26    50 50 0
27    50 50 0
28    50 50 0
29    50 50 0
30    50 50 0
31    50 50 0
32    50 50 0
33    50 50 0
34    50 50 0
35    50 50 0
36    50 50 0
37    50 50 0
38    50 50 0
39    50 50 0
40    50 50 0
41    50 50 0
42    50 50 0
43    50 50 0
44    50 50 0
45    50 50 0
46    50 50 0
47    50 50 0
48    50 50 0
49    50 50 0
50    50 50 0
51    50 50 0
52    50 50 0
53    50 50 0
54    50 50 0
55    50 50 0
56    50 50 0
57    50 50 0
58    50 50 0
59    50 50 0
60    50 50 0
61    50 50 0
62    50 50 0
63    50 50 0
64    50 50 0
65    50 50 0
66    50 50 0
67    50 50 0
68    50 50 0
69    50 50 0
70    50 50 0
71    50 50 0
72    50 50 0
73    50 50 0
74    50 50 0
75    50 50 0
76    50 50 0
77    50 50 0
78    50 50 0
79    50 50 0
80    50 50 0
81    50 50 0
82    50 50 0
83    50 50 0
84    50 50 0
85    50 50 0
86    50 50 0
87    50 50 0
88    50 50 0
89    50 50 0
90    50 50 0
91    50 50 0
92    50 50 0
93    50 50 0
94    50 50 0
95    50 50 0
96    50 50 0
97    50 50 0
98    50 50 0
99    50 50 0
100    50 50 0
101    50 50 0
102    50 50 0
103    50 50 0
104    50 50 0
105    50 50 0
106    50 50 0
107    50 50 0
108    50 50 0
109    50 50 0
110    50 50 0
111    50 50 0
112    50 50 0
113    50 50 0
114    50 50 0
115    50 50 0
116    50 50 0
117    50 50 0
118    50 50 0
119    50 50 0
120    50 50 0
121    50 50 0
122    50 50 0
123    50 50 0
124    50 50 0
125    50 50 0
126    50 50 0
127    50 50 0
128    50 50 0
129    50 50 0
130    50 50 0
131    50 50 0
132    50 50 0
133    50 50 0
134    50 50 0
135    50 50 0
136    50 50 0
137    50 50 0
138    50 50 0
139    50 50 0
140    50 50 0
141    50 50 0
142    50 50 0
143    50 50 0
144    50 50 0
145    50 50 0
146    50 50 0
147    50 50 0
148    50 50 0
149    50 50 0
150    50 50 0
151    50 50 0
152    50 50 0
153    50 50 0
154    50 50 0
155    50 50 0
156    50 50 0
157    50 50 0
158    50 50 0
159    50 50 0
160    50 50 0
161    50 50 0
162    50 50 0
163    50 50 0
164    50 50 0
165    50 50 0
166    50 50 0
167    50 50 0
168    50 50 0
169    50 50 0
170    50 50 0
171    50 50 0
172    50 50 0
173    50 50 0
174    50 50 0
175    50 50 0
176    50 50 0
177    50 50 0
178    50 50 0
179    50 50 0
180    50 50 0
181    50 50 0
182    50 50 0
183    50 50 0
184    50 50 0
185    50 50 0
186    50 50 0
187    50 50 0
188    50 50 0
189    50 50 0
190    50 50 0
191    50 50 0
192    50 50 0
193    50 50 0
194    50 50 0
195    50 50 0
196    50 50 0
197    50 50 0
198    50 50 0
199    50 50 0
200    50 50 0
201    50 50 0
202    50 50 0
203    50 50 0
204    50 50 0
205    50 50 0
206    50 50 0
207    50 50 0
208    50 50 0
209    50 50 0
210    50 50 0
211    50 50 0
212    50 50 0
213    50 50 0
214    50 50 0
215    50 50 0
216    50 50 0
217    50 50 0
218    50 50 0
219    50 50 0
220    50 50 0
221    50 50 0
222    50 50 0
223    50 50 0
224    50 50 0
225    50 50 0
226    50 50 0
227    50 50 0
228    50 50 0
229    50 50 0
230    50 50 0
231    50 50 0
232    50 50 0
233    50 50 0
234    50 50 0
235    50 50 0
236    50 50 0
237    50 50 0
238    50 50 0
239    50 50 0
240    50 50 0
241    50 50 0
242    50 50 0
243    50 50 0
244    50 50 0
245    50 50 0
246    50 50 0
247    50 50 0
248    50 50 0
249    50 50 0
250    50 50 0
251    50 50 0
252    50 50 0
253    50 50 0
254    50 50 0
255    50 50 0
256    50 50 0
257    50 50 0
258    50 50 0
259    50 50 0
260    50 50 0
261    50 50 0
262    50 50 0
263    50 50 0
264    50 50 0
265    50 50 0
266    50 50 0
267    50 50 0
268    50 50 0
269    50 50 0
270    50 50 0
271    50 50 0
272    50 50 0
273    50 50 0
274    50 50 0
275    50 50 0
276    50 50 0
277    50 50 0
278    50 50 0
279    50 50 0
280    50 50 0
281    50 50 0
282    50 50 0
283    50 50 0
284    50 50 0
285    50 50 0
286    50 50 0
287    50 50 0
288    50 50 0
289    50 50 0
290    50 50 0
291    50 50 0
292    50 50 0
293    50 50 0
294    50 50 0
295    50 50 0
296    50 50 0
297    50 50 0
298    50 50 0
299    50 50 0
300    50 50 0
301    50 50 0
302    50 50 0
303    50 50 0
304    50 50 0
305    50 50 0
306    50 50 0
307    50 50 0
308    50 50 0
309    50 50 0
310    50 50 0
311    50 50 0
312    50 50 0
313    50 50 0
314    50 50 0
315    50 50 0
316    50 50 0
317    50 50 0
318    50 50 0
319    50 50 0
320    50 50 0
321    50 50 0
322    50 50 0
323    50 50 0
324    50 50 0
325    50 50 0
326    50 50 0
327    50 50 0
328    50 50 0
329    50 50 0
330    50 50 0
331    50 50 0
332    50 50 0
333    50 50 0
334    50 50 0
335    50 50 0
336    50 50 0
337    50 50 0
338    50 50 0
339    50 50 0
340    50 50 0
341    50 50 0
342    50 50 0
343    50 50 0
344    50 50 0
345    50 50 0
346    50 50 0
347    50 50 0
348    50 50 0
349    50 50 0
350    50 50 0
351    50 50 0
352    50 50 0
353    50 50 0
354    50 50 0
355    50 50 0
356    50 50 0
357    50 50 0
358    50 50 0
359    50 50 0
360    50 50 0
361    50 50 0
362    50 50 0
363    50 50 0
364    50 50 0
365    50 50 0
366    50 50 0
367    50 50 0
368    50 50 0
369    50 50 0
370    50 50 0
371    50 50 0
372    50 50 0
373    50 50 0
374    50 50 0
375    50 50 0
376    50 50 0
377    50 50 0
378    50 50 0
379    50 50 0
380    50 50 0
381    50 50 0
382    50 50 0
383    50 50 0
384    50 50 0
385    50 50 0
386    50 50 0
387    50 50 0
388    50 50 0
389    50 50 0
390    50 50 0
391    50 50 0
392    50 50 0
393    50 50 0
394    50 50 0
395    50 50 0
396    50 50 0
397    50 50 0
398    50 50 0
399    50 50 0
400    50 50 0
401    50 50 0
402    50 50 0
403    50 50 0
404    50 50 0
405    50 50 0
406    50 50 0
407    50 50 0
408    50 50 0
409    50 50 0
410    50 50 0
411    50 50 0
412    50 50 0
413    50 50 0
414    50 50 0
415    50 50 0
416    50 50 0
417    50 50 0
418    50 50 0
419    50 50 0
420    50 50 0
421    50 50 0
422    50 50 0
423    50 50 0
424    50 50 0
425    50 50 0
426    50 50 0
427    50 50 0
428    50 50 0
429    50 50 0
430    50 50 0
431    50 50 0
432    50 50 0
433    50 50 0
434    50 50 0
435    50 50 0
436    50 50 0
437    50 50 0
438    50 50 0
439    50 50 0
440    50 50 0
441    50 50 0
442    50 50 0
443    50 50 0
444    50 50 0
445    50 50 0
446    50 50 0
447    50 50 0
448    50 50 0
449    50 50 0
450    50 50 0
451    50 50 0
452    50 50 0
453    50 50 0
454    50 50 0
455    50 50 0
456    50 50 0
457    50 50 0
458    50 50 0
459    50 50 0
460    50 50 0
461    50 50 0
462    50 50 0
463    50 50 0
464    50 50 0
465    50 50 0
466    50 50 0
467    50 50 0
468    50 50 0
469    50 50 0
470    50 50 0
471    50 50 0
472    50 50 0
473    50 50 0
474    50 50 0
475    50 50 0
476    50 50 0
477    50 50 0
478    50 50 0
479    50 50 0
480    50 50 0
481    50 50 0
482    50 50 0
483    50 50 0
484    50 50 0
485    50 50 0
486    50 50 0
487    50 50 0
488    50 50 0
489    50 50 0
490    50 50 0
491    50 50 0
492    50 50 0
493    50 50 0
494    50 50 0
495    50 50 0
496    50 50 0
497    50 50 0
498    50 50 0
499    50 50 0
500    50 50 0
501    50 50 0
502    50 50 0
503    50 50 0
504    50 50 0
505    50 50 0
506    50 50 0
507    50 50 0
508    50 50 0
509    50 50 0
510    50 50 0
511    50 50 0
512    50 50 0
513    50 50 0
514    50 50 0
515    50 50 0
516    50 50 0
517    50 50 0
518    50 50 0
519    50 50 0
520    50 50 0
521    50 50 0
522    50 50 0
523    50 50 0
524    50 50 0
525    50 50 0
526    50 50 0
527    50 50 0
528    50 50 0
529    50 50 0
530    50 50 0
531    50 50 0
532    50 50 0
533    50 50 0
534    50 50 0
535    50 50 0
536    50 50 0
537    50 50 0
538    50 50 0
539    50 50 0
540    50 50 0
541    50 50 0
542    50 50 0
543    50 50 0
544    50 50 0
545    50 50 0
546    50 50 0
547    50 50 0
548    50 50 0
549    50 50 0
550    50 50 0
551    50 50 0
552    50 50 0
553    50 50 0
554    50 50 0
555    50 50 0
556    50 50 0
557    50 50 0
558    50 50 0
559    50 50 0
560    50 50 0
561    50 50 0
562    50 50 0
563    50 50 0
564    50 50 0
565    50 50 0
566    50 50 0
567    50 50 0
568    50 50 0
569    50 50 0
570    50 50 0
571    50 50 0
572    50 50 0
573    50 50 0
574    50 50 0
575    50 50 0
576    50 50 0
577    50 50 0
578    50 50 0
579    50 50 0
580    50 50 0
581    50 50 0
582    50 50 0
583    50 50 0
584    50 50 0
585    50 50 0
586    50 50 0
587    50 50 0
588    50 50 0
589    50 50 0
590    50 50 0
591    50 50 0
592    50 50 0
593    50 50 0
594    50 50 0
595    50 50 0
596    50 50 0
597    50 50 0
598    50 50 0
599    50 50 0
600    50 50 0
601    50 50 0
602    50 50 0
603    50 50 0
604    50 50 0
605    50 50 0
606    50 50 0
607    50 50 0
608    50 50 0
609    50 50 0
610    50 50 0
611    50 50 0
612    50 50 0
613    50 50 0
614    50 50 0
615    50 50 0
616    50 50 0
617    50 50 0
618    50 50 0
619    50 50 0
620    50 50 0
621    50 50 0
622    50 50 0
623    50 50 0
624    50 50 0
625    50 50 0
626    50 50 0
627    50 50 0
628    50 50 0
629    50 50 0
630    50 50 0
631    50 50 0
632    50 50 0
633    50 50 0
634    50 50 0
635    50 50 0
636    50 50 0
637    50 50 0
638    50 50 0
639    50 50 0
640    50 50 0
641    50 50 0
642    50 50 0
643    50 50 0
644    50 50 0
645    50 50 0
646    50 50 0
647    48 52 0
648    48 52 0
649    48 52 0
650    48 52 0
651    48 52 0
652    48 52 0
653    48 52 0
654    48 52 0
655    48 52 0
656    48 52 0
657    48 52 0
658    48 52 0
659    48 52 0
660    48 52 0
661    48 52 0
662    48 52 0
663    48 52 0
664    48 52 0
665    48 52 0
666    48 52 0
667    48 52 0
668    48 52 0
669    48 52 0
670    48 52 0
671    48 52 0
672    48 52 0
673    48 52 0
674    48 52 0
675    48 52 0
676    48 52 0
677    48 52 0
678    48 52 0
679    48 52 0
680    48 52 0
681    48 52 0
682    48 52 0
683    48 52 0
684    48 52 0
685    48 52 0
686    48 52 0
687    48 52 0
688    48 52 0
689    48 52 0
690    48 52 0
691    48 52 0
692    48 52 0
693    48 52 0
694    48 52 0
695    48 52 0
696    48 52 0
697    48 52 0
698    48 52 0
699    48 52 0
700    48 52 0
701    48 52 0
702    48 52 0
703    48 52 0
704    48 52 0
705    48 52 0
706    48 52 0
707    48 52 0
708    48 52 0
709    48 52 0
710    48 52 0
711    48 52 0
712    48 52 0
713    48 52 0
714    48 52 0
715    48 52 0
716    48 52 0
717    48 52 0
718    48 52 0
719    48 52 0
720    48 52 0
721    48 52 0
722    48 52 0
723    48 52 0
724    48 52 0
725    48 52 0
726    48 52 0
727    48 52 0
728    48 52 0
729    48 52 0
730    48 52 0
731    48 52 0
732    48 52 0
733    48 52 0
734    48 52 0
735    48 52 0
736    48 52 0
737    48 52 0
738    48 52 0
739    48 52 0
740    48 52 0
741    48 52 0
742    48 52 0
743    48 52 0
744    48 52 0
745    48 52 0
746    48 52 0
747    48 52 0
748    48 52 0
749    48 52 0
750    48 52 0
751    48 52 0
752    48 52 0
753    48 52 0
754    48 52 0
755    48 52 0
756    48 52 0
757    48 52 0
758    48 52 0
759    48 52 0
760    48 52 0
761    48 52 0
762    48 52 0
763    48 52 0
764    48 52 0
765    48 52 0
766    48 52 0
767    48 52 0
768    48 52 0
769    48 52 0
770    48 52 0
771    48 52 0
772    48 52 0
773    48 52 0
774    48 52 0
775    48 52 0
776    48 52 0
777    48 52 0
778    48 52 0
779    48 52 0
780    48 52 0
781    48 52 0
782    48 52 0
783    48 52 0
784    48 52 0
785    48 52 0
786    48 52 0
787    48 52 0
788    48 52 0
789    48 52 0
790    48 52 0
791    48 52 0
792    48 52 0
793    48 52 0
794    48 52 0
795    48 52 0
796    48 52 0
797    48 52 0
798    48 52 0
799    48 52 0
800    48 52 0
801    48 52 0
802    48 52 0
803    48 52 0
804    48 52 0
805    48 52 0
806    48 52 0
807    48 52 0
808    48 52 0
809    48 52 0
810    48 52 0
811    48 52 0
812    48 52 0
813    48 52 0
814    48 52 0
815    48 52 0
816    48 52 0
817    48 52 0
818    48 52 0
819    48 52 0
820    48 52 0
821    48 52 0
822    48 52 0
823    48 52 0
824    48 52 0
825    48 52 0
826    48 52 0
827    48 52 0
828    48 52 0
829    48 52 0
830    48 52 0
831    48 52 0
832    48 52 0
833    48 52 0
834    48 52 0
835    48 52 0
836    48 52 0
837    48 52 0
838    48 52 0
839    48 52 0
840    48 52 0
841    48 52 0
842    48 52 0
843    48 52 0
844    48 52 0
845    48 52 0
846    48 52 0
847    48 52 0
848    48 52 0
849    48 52 0
850    48 52 0
851    48 52 0
852    48 52 0
853    48 52 0
854    48 52 0
855    48 52 0
856    48 52 0
857    48 52 0
858    48 52 0
859    48 52 0
860    48 52 0
861    48 52 0
862    48 52 0
863    48 52 0
864    48 52 0
865    48 52 0
866    48 52 0
867    48 52 0
868    48 52 0
869    48 52 0
870    48 52 0
871    48 52 0
872    48 52 0
873    48 52 0
874    48 52 0
875    48 52 0
876    48 52 0
877    48 52 0
878    48 52 0
879    48 52 0
880    48 52 0
881    48 52 0
882    48 52 0
883    48 52 0
884    48 52 0
885    48 52 0
886    48 52 0
887    48 52 0
888    48 52 0
889    48 52 0
890    48 52 0
891    48 52 0
892    48 52 0
893    48 52 0
894    48 52 0
895    48 52 0
896    48 52 0
897    48 52 0
898    48 52 0
899    48 52 0
900    48 52 0
901    48 52 0
902    48 52 0
903    48 52 0
904    48 52 0
905    48 52 0
906    48 52 0
907    48 52 0
908    48 52 0
909    48 52 0
910    48 52 0
911    48 52 0
912    48 52 0
913    48 52 0
914    48 52 0
915    48 52 0
916    48 52 0
917    48 52 0
918    48 52 0
919    48 52 0
920    48 52 0
921    48 52 0
922    48 52 0
923    48 52 0
924    48 52 0
925    48 52 0
926    48 52 0
927    48 52 0
928    48 52 0
929    48 52 0
930    48 52 0
931    48 52 0
932    48 52 0
933    48 52 0
934    48 52 0
935    48 52 0
936    48 52 0
937    48 52 0
938    48 52 0
939    48 52 0
940    48 52 0
941    48 52 0
942    48 52 0
943    48 52 0
944    48 52 0
945    48 52 0
946    48 52 0
947    48 52 0
948    48 52 0
949    48 52 0
950    48 52 0
951    48 52 0
952    48 52 0
953    48 52 0
954    48 52 0
955    48 52 0
956    48 52 0
957    48 52 0
958    48 52 0
959    48 52 0
960    48 52 0
961    48 52 0
962    48 52 0
963    48 52 0
964    48 52 0
965    48 52 0
966    48 52 0
967    48 52 0
968    48 52 0
969    48 52 0
970    48 52 0
971    48 52 0
972    48 52 0
973    48 52 0
974    48 52 0
975    48 52 0
976    48 52 0
977    48 52 0
978    48 52 0
979    48 52 0
980    48 52 0
981    48 52 0
982    48 52 0
983    48 52 0
984    48 52 0
985    48 52 0
986    48 52 0
987    48 52 0
988    50 50 0
989    50 50 0
990    50 50 0
991    50 50 0
992    50 50 0
993    50 50 0
994    50 50 0
995    50 50 0
996    50 50 0
997    50 50 0
998    50 50 0
999    50 50 0
1000    50 50 0
1001    50 50 0
1002    50 50 0
1003    50 50 0
1004    50 50 0
1005    50 50 0
1006    50 50 0
1007    50 50 0
1008    50 50 0
1009    50 50 0
1010    50 50 0
1011    50 50 0
1012    50 50 0
1013    50 50 0
1014    50 50 0
1015    50 50 0
1016    50 50 0
1017    50 50 0
1018    50 50 0
1019    50 50 0
1020    50 50 0
1021    50 50 0
1022    50 50 0
1023    50 50 0
1024    50 50 0
1025    50 50 0
1026    50 50 0
1027    50 50 0
1028    50 50 0
1029    50 50 0
1030    50 50 0
1031    50 50 0
1032    50 50 0
1033    50 50 0
1034    50 50 0
1035    50 50 0
1036    50 50 0
1037    50 50 0
1038    50 50 0
1039    50 50 0
1040    50 50 0
1041    50 50 0
1042    50 50 0
1043    50 50 0
1044    50 50 0
1045    50 50 0
1046    50 50 0
1047    50 50 0
1048    50 50 0
1049    50 50 0
1050    50 50 0
1051    50 50 0
1052    50 50 0
1053    50 50 0
1054    50 50 0
1055    50 50 0
1056    50 50 0
1057    50 50 0
1058    50 50 0
1059    50 50 0
1060    50 50 0
1061    50 50 0
1062    50 50 0
1063    50 50 0
1064    50 50 0
1065    50 50 0
1066    50 50 0
1067    50 50 0
1068    50 50 0
1069    50 50 0
1070    50 50 0
1071    50 50 0
1072    50 50 0
1073    50 50 0
1074    50 50 0
1075    50 50 0
1076    50 50 0
1077    50 50 0
1078    50 50 0
1079    50 50 0
1080    50 50 0
1081    50 50 0
1082    50 50 0
1083    50 50 0
1084    50 50 0
1085    50 50 0
1086    50 50 0
1087    50 50 0
1088    50 50 0
1089    50 50 0
1090    50 50 0
1091    50 50 0
1092    50 50 0
1093    50 50 0
1094    50 50 0
1095    50 50 0
1096    50 50 0
1097    50 50 0
1098    50 50 0
1099    50 50 0
1100    50 50 0
1101    50 50 0
1102    50 50 0
1103    50 50 0
1104    50 50 0
1105    50 50 0
1106    50 50 0
1107    50 50 0
1108    50 50 0
1109    50 50 0
1110    50 50 0
1111    50 50 0
1112    50 50 0
1113    50 50 0
1114    50 50 0
1115    50 50 0
1116    50 50 0
1117    50 50 0
1118    50 50 0
1119    50 50 0
1120    50 50 0
1121    50 50 0
1122    50 50 0
1123    50 50 0
1124    50 50 0
1125    50 50 0
1126    50 50 0
1127    50 50 0
1128    50 50 0
1129    50 50 0
1130    50 50 0
1131    50 50 0
1132    50 50 0
1133    50 50 0
1134    50 50 0
1135    50 50 0
1136    50 50 0
1137    50 50 0
1138    50 50 0
1139    50 50 0
1140    50 50 0
1141    50 50 0
1142    50 50 0
1143    50 50 0
1144    50 50 0
1145    50 50 0
1146    50 50 0
1147    50 50 0
1148    50 50 0
1149    50 50 0
1150    50 50 0
1151    50 50 0
1152    50 50 0
1153    50 50 0
1154    50 50 0
1155    50 50 0
1156    50 50 0
1157    50 50 0
1158    50 50 0
1159    50 50 0
1160    50 50 0
1161    50 50 0
1162    50 50 0
1163    50 50 0
1164    50 50 0
1165    50 50 0
1166    50 50 0
1167    50 50 0
1168    50 50 0
1169    50 50 0
1170    50 50 0
1171    50 50 0
1172    50 50 0
1173    50 50 0
1174    50 50 0
1175    50 50 0
1176    50 50 0
1177    50 50 0
1178    50 50 0
1179    50 50 0
1180    50 50 0
1181    50 50 0
1182    50 50 0
1183    50 50 0
1184    50 50 0
1185    50 50 0
1186    50 50 0
1187    50 50 0
1188    50 50 0
1189    50 50 0
1190    50 50 0
1191    50 50 0
1192    50 50 0
1193    50 50 0
1194    50 50 0
1195    50 50 0
1196    50 50 0
1197    50 50 0
1198    50 50 0
1199    50 50 0
1200    50 50 0
1201    50 50 0
1202    50 50 0
1203    50 50 0
1204    50 50 0
1205    50 50 0
1206    50 50 0
1207    50 50 0
1208    50 50 0
1209    50 50 0
1210    50 50 0
1211    50 50 0
1212    50 50 0
1213    50 50 0
1214    50 50 0
1215    50 50 0
1216    50 50 0
1217    50 50 0
1218    50 50 0
1219    50 50 0
1220    50 50 0
1221    50 50 0
1222    50 50 0
1223    50 50 0
1224    50 50 0
1225    50 50 0
1226    50 50 0
1227    50 50 0
1228    50 50 0
1229    50 50 0
1230    50 50 0
1231    50 50 0
1232    50 50 0
1233    50 50 0
1234    50 50 0
1235    50 50 0
1236    50 50 0
1237    50 50 0
1238    50 50 0
1239    50 50 0
1240    50 50 0
1241    50 50 0
1242    49 51 0
1243    49 51 0
1244    49 51 0
1245    49 51 0
1246    49 51 0
1247    49 51 0
1248    49 51 0
1249    49 51 0
1250    49 51 0
1251    49 51 0
1252    49 51 0
1253    49 51 0
1254    49 51 0
1255    49 51 0
1256    49 51 0
1257    49 51 0
1258    49 51 0
1259    49 51 0
1260    49 51 0
1261    49 51 0
1262    49 51 0
1263    49 51 0
1264    49 51 0
1265    49 51 0
1266    49 51 0
1267    49 51 0
1268    49 51 0
1269    49 51 0
1270    49 51 0
1271    49 51 0
1272    49 51 0
1273    49 51 0
1274    49 51 0
1275    49 51 0
1276    49 51 0
1277    49 51 0
1278    49 51 0
1279    49 51 0
1280    49 51 0
1281    49 51 0
1282    49 51 0
1283    49 51 0
1284    49 51 0
1285    49 51 0
1286    49 51 0
1287    49 51 0
1288    49 51 0
1289    49 51 0
1290    49 51 0
1291    49 51 0
1292    49 51 0
1293    49 51 0
1294    49 51 0
1295    49 51 0
1296    49 51 0
1297    49 51 0
1298    49 51 0
1299    49 51 0
1300    49 51 0
1301    49 51 0
1302    49 51 0
1303    49 51 0
1304    49 51 0
1305    49 51 0
1306    49 51 0
1307    49 51 0
1308    49 51 0
1309    49 51 0
1310    49 51 0
1311    49 51 0
1312    49 51 0
1313    49 51 0
1314    49 51 0
1315    49 51 0
1316    49 51 0
1317    49 51 0
1318    49 51 0
1319    49 51 0
1320    49 51 0
1321    49 51 0
1322    49 51 0
1323    49 51 0
1324    49 51 0
1325    49 51 0
1326    49 51 0
1327    49 51 0
1328    49 51 0
1329    49 51 0
1330    49 51 0
1331    49 51 0
1332    49 51 0
1333    49 51 0
1334    49 51 0
1335    49 51 0
1336    49 51 0
1337    49 51 0
1338    49 51 0
1339    49 51 0
1340    49 51 0
1341    49 51 0
1342    49 51 0
1343    49 51 0
1344    49 51 0
1345    49 51 0
1346    49 51 0
1347    49 51 0
1348    49 51 0
1349    49 51 0
1350    49 51 0
1351    49 51 0
1352    49 51 0
1353    49 51 0
1354    49 51 0
1355    49 51 0
1356    49 51 0
1357    49 51 0
1358    49 51 0
1359    49 51 0
1360    49 51 0
1361    49 51 0
1362    49 51 0
1363    49 51 0
1364    49 51 0
1365    49 51 0
1366    49 51 0
1367    49 51 0
1368    49 51 0
1369    49 51 0
1370    49 51 0
1371    49 51 0
1372    49 51 0
1373    49 51 0
1374    49 51 0
1375    49 51 0
1376    49 51 0
1377    49 51 0
1378    49 51 0
1379    49 51 0
1380    49 51 0
1381    49 51 0
1382    49 51 0
1383    49 51 0
1384    49 51 0
1385    49 51 0
1386    49 51 0
1387    49 51 0
1388    49 51 0
1389    49 51 0
1390    49 51 0
1391    49 51 0
1392    49 51 0
1393    49 51 0
1394    49 51 0
1395    49 51 0
1396    49 51 0
1397    49 51 0
1398    49 51 0
1399    49 51 0
1400    49 51 0
1401    49 51 0
1402    49 51 0
1403    49 51 0
1404    49 51 0
1405    49 51 0
1406    49 51 0
1407    49 51 0
1408    49 51 0
1409    49 51 0
1410    49 51 0
1411    49 51 0
1412    49 51 0
1413    49 51 0
1414    49 51 0
1415    49 51 0
1416    49 51 0
1417    49 51 0
1418    49 51 0
1419    49 51 0
1420    49 51 0
1421    49 51 0
1422    49 51 0
1423    49 51 0
1424    49 51 0
1425    49 51 0
1426    49 51 0
1427    49 51 0
1428    49 51 0
1429    49 51 0
1430    49 51 0
1431    49 51 0
1432    49 51 0
1433    49 51 0
1434    49 51 0
1435    49 51 0
1436    49 51 0
1437    49 51 0
1438    49 51 0
1439    49 51 0
1440    49 51 0
1441    49 51 0
1442    49 51 0
1443    49 51 0
1444    49 51 0
1445    49 51 0
1446    49 51 0
1447    49 51 0
1448    49 51 0
1449    49 51 0
1450    49 51 0
1451    49 51 0
1452    49 51 0
1453    49 51 0
1454    49 51 0
1455    49 51 0
1456    49 51 0
1457    49 51 0
1458    49 51 0
1459    49 51 0
1460    49 51 0
1461    49 51 0
1462    49 51 0
1463    49 51 0
1464    49 51 0
1465    49 51 0
1466    49 51 0
1467    49 51 0
1468    49 51 0
1469    49 51 0
1470    49 51 0
1471    49 51 0
1472    49 51 0
1473    49 51 0
1474    49 51 0
1475    49 51 0
1476    49 51 0
1477    49 51 0
1478    49 51 0
1479    49 51 0
1480    49 51 0
1481    49 51 0
1482    49 51 0
1483    49 51 0
1484    49 51 0
1485    49 51 0
1486    49 51 0
1487    49 51 0
1488    49 51 0
1489    49 51 0
1490    49 51 0
1491    49 51 0
1492    49 51 0
1493    49 51 0
1494    49 51 0
1495    49 51 0
1496    49 51 0
1497    49 51 0
1498    49 51 0
1499    49 51 0
1500    49 51 0
1501    49 51 0
1502    49 51 0
1503    49 51 0
1504    49 51 0
1505    49 51 0
1506    49 51 0
1507    49 51 0
1508    49 51 0
1509    49 51 0
1510    49 51 0
1511    49 51 0
1512    49 51 0
1513    49 51 0
1514    49 51 0
1515    49 51 0
1516    49 51 0
1517    49 51 0
1518    49 51 0
1519    49 51 0
1520    49 51 0
1521    49 51 0
1522    49 51 0
1523    49 51 0
1524    49 51 0
1525    49 51 0
1526    49 51 0
1527    49 51 0
1528    49 51 0
1529    49 51 0
1530    49 51 0
1531    49 51 0
1532    49 51 0
1533    49 51 0
1534    49 51 0
1535    49 51 0
1536    49 51 0
1537    49 51 0
1538    49 51 0
1539    49 51 0
1540    49 51 0
1541    49 51 0
1542    49 51 0
1543    49 51 0
1544    49 51 0
1545    49 51 0
1546    49 51 0
1547    49 51 0
1548    49 51 0
1549    49 51 0
1550    49 51 0
1551    49 51 0
1552    49 51 0
1553    49 51 0
1554    49 51 0
1555    49 51 0
1556    49 51 0
1557    49 51 0
1558    49 51 0
1559    49 51 0
1560    49 51 0
1561    49 51 0
1562    49 51 0
1563    49 51 0
1564    49 51 0
1565    49 51 0
1566    49 51 0
1567    49 51 0
1568    49 51 0
1569    49 51 0
1570    49 51 0
1571    49 51 0
1572    49 51 0
1573    49 51 0
1574    49 51 0
1575    49 51 0
1576    49 51 0
1577    49 51 0
1578    49 51 0
1579    49 51 0
1580    49 51 0
1581    49 51 0
1582    49 51 0
1583    49 51 0
1584    49 51 0
1585    49 51 0
1586    49 51 0
1587    49 51 0
1588    49 51 0
1589    49 51 0
1590    49 51 0
1591    49 51 0
1592    49 51 0
1593    49 51 0
1594    49 51 0
1595    49 51 0
1596    49 51 0
1597    49 51 0
1598    49 51 0
1599    49 51 0
1600    49 51 0
1601    49 51 0
1602    49 51 0
1603    49 51 0
1604    49 51 0
1605    49 51 0
1606    49 51 0
1607    49 51 0
1608    49 51 0
1609    49 51 0
1610    49 51 0
1611    49 51 0
1612    49 51 0
1613    49 51 0
1614    49 51 0
1615    49 51 0
1616    49 51 0
1617    49 51 0
1618    49 51 0
1619    49 51 0
1620    49 51 0
1621    49 51 0
1622    49 51 0
1623    49 51 0
1624    49 51 0
1625    49 51 0
1626    49 51 0
1627    49 51 0
1628    49 51 0
1629    49 51 0
1630    49 51 0
1631    49 51 0
1632    49 51 0
1633    49 51 0
1634    49 51 0
1635    49 51 0
1636    49 51 0
1637    49 51 0
1638    49 51 0
1639    49 51 0
1640    49 51 0
1641    49 51 0
1642    49 51 0
1643    49 51 0
1644    49 51 0
1645    49 51 0
1646    49 51 0
1647    49 51 0
1648    49 51 0
1649    49 51 0
1650    49 51 0
1651    49 51 0
1652    49 51 0
1653    49 51 0
1654    49 51 0
1655    49 51 0
1656    49 51 0
1657    49 51 0
1658    49 51 0
1659    49 51 0
1660    49 51 0
1661    49 51 0
1662    49 51 0
1663    49 51 0
1664    49 51 0
1665    49 51 0
1666    49 51 0
1667    49 51 0
1668    49 51 0
1669    49 51 0
1670    49 51 0
1671    49 51 0
1672    49 51 0
1673    49 51 0
1674    49 51 0
1675    49 51 0
1676    49 51 0
1677    49 51 0
1678    49 51 0
1679    49 51 0
1680    49 51 0
1681    49 51 0
1682    49 51 0
1683    49 51 0
1684    49 51 0
1685    49 51 0
1686    49 51 0
1687    49 51 0
1688    49 51 0
1689    49 51 0
1690    49 51 0
1691    49 51 0
1692    49 51 0
1693    49 51 0
1694    49 51 0
1695    49 51 0
1696    49 51 0
1697    49 51 0
1698    49 51 0
1699    49 51 0
1700    49 51 0
1701    49 51 0
1702    49 51 0
1703    49 51 0
1704    49 51 0
1705    49 51 0
1706    49 51 0
1707    49 51 0
1708    49 51 0
1709    49 51 0
1710    49 51 0
1711    49 51 0
1712    49 51 0
1713    49 51 0
1714    49 51 0
1715    49 51 0
1716    49 51 0
1717    49 51 0
1718    49 51 0
1719    49 51 0
1720    49 51 0
1721    49 51 0
1722    49 51 0
1723    49 51 0
1724    49 51 0
1725    49 51 0
1726    49 51 0
1727    49 51 0
1728    49 51 0
1729    49 51 0
1730    49 51 0
1731    49 51 0
1732    49 51 0
1733    49 51 0
1734    49 51 0
1735    49 51 0
1736    49 51 0
1737    49 51 0
1738    49 51 0
1739    49 51 0
1740    49 51 0
1741    49 51 0
1742    49 51 0
1743    49 51 0
1744    49 51 0
1745    49 51 0
1746    49 51 0
1747    49 51 0
1748    49 51 0
1749    49 51 0
1750    49 51 0
1751    49 51 0
1752    49 51 0
1753    49 51 0
1754    49 51 0
1755    49 51 0
1756    49 51 0
1757    49 51 0
1758    49 51 0
1759    49 51 0
1760    49 51 0
1761    49 51 0
1762    49 51 0
1763    49 51 0
1764    49 51 0
1765    49 51 0
1766    49 51 0
1767    49 51 0
1768    49 51 0
1769    49 51 0
1770    49 51 0
1771    49 51 0
1772    49 51 0
1773    49 51 0
1774    49 51 0
1775    49 51 0
1776    49 51 0
1777    49 51 0
1778    49 51 0
1779    49 51 0
1780    49 51 0
1781    49 51 0
1782    49 51 0
1783    49 51 0
1784    49 51 0
1785    49 51 0
1786    49 51 0
1787    49 51 0
1788    49 51 0
1789    49 51 0
1790    49 51 0
1791    49 51 0
1792    49 51 0
1793    49 51 0
1794    49 51 0
1795    49 51 0
1796    49 51 0
1797    49 51 0
1798    49 51 0
1799    49 51 0
1800    49 51 0
1801    49 51 0
1802    49 51 0
1803    49 51 0
1804    49 51 0
1805    49 51 0
1806    49 51 0
1807    49 51 0
1808    49 51 0
1809    49 51 0
1810    49 51 0
1811    49 51 0
1812    49 51 0
1813    49 51 0
1814    49 51 0
1815    49 51 0
1816    49 51 0
1817    49 51 0
1818    49 51 0
1819    49 51 0
1820    49 51 0
1821    49 51 0
1822    49 51 0
1823    49 51 0
1824    49 51 0
1825    49 51 0
1826    49 51 0
1827    49 51 0
1828    49 51 0
1829    49 51 0
1830    49 51 0
1831    49 51 0
1832    49 51 0
1833    49 51 0
1834    49 51 0
1835    49 51 0
1836    49 51 0
1837    49 51 0
1838    49 51 0
1839    49 51 0
1840    49 51 0
1841    49 51 0
1842    49 51 0
1843    49 51 0
1844    49 51 0
1845    49 51 0
1846    49 51 0
1847    49 51 0
1848    49 51 0
1849    49 51 0
1850    49 51 0
1851    49 51 0
1852    49 51 0
1853    49 51 0
1854    49 51 0
1855    49 51 0
1856    49 51 0
1857    49 51 0
1858    49 51 0
1859    49 51 0
1860    49 51 0
1861    49 51 0
1862    49 51 0
1863    49 51 0
1864    49 51 0
1865    49 51 0
1866    49 51 0
1867    49 51 0
1868    49 51 0
1869    49 51 0
1870    49 51 0
1871    49 51 0
1872    49 51 0
1873    49 51 0
1874    49 51 0
1875    49 51 0
1876    49 51 0
1877    49 51 0
1878    49 51 0
1879    49 51 0
1880    49 51 0
1881    49 51 0
1882    49 51 0
1883    49 51 0
1884    49 51 0
1885    49 51 0
1886    49 51 0
1887    49 51 0
1888    49 51 0
1889    49 51 0
1890    49 51 0
1891    49 51 0
1892    49 51 0
1893    49 51 0
1894    49 51 0
1895    49 51 0
1896    49 51 0
1897    49 51 0
1898    49 51 0
1899    49 51 0
1900    49 51 0
1901    49 51 0
1902    49 51 0
1903    49 51 0
1904    49 51 0
1905    49 51 0
1906    49 51 0
1907    49 51 0
1908    49 51 0
1909    49 51 0
1910    49 51 0
1911    49 51 0
1912    49 51 0
1913    49 51 0
1914    49 51 0
1915    49 51 0
1916    49 51 0
1917    49 51 0
1918    49 51 0
1919    49 51 0
1920    49 51 0
1921    49 51 0
1922    49 51 0
1923    49 51 0
1924    49 51 0
1925    49 51 0
1926    49 51 0
1927    49 51 0
1928    49 51 0
1929    49 51 0
1930    49 51 0
1931    49 51 0
1932    49 51 0
1933    49 51 0
1934    49 51 0
1935    49 51 0
1936    49 51 0
1937    49 51 0
1938    49 51 0
1939    49 51 0
1940    49 51 0
1941    49 51 0
1942    49 51 0
1943    49 51 0
1944    49 51 0
1945    49 51 0
1946    49 51 0
1947    49 51 0
1948    49 51 0
1949    49 51 0
1950    49 51 0
1951    49 51 0
1952    49 51 0
1953    49 51 0
1954    49 51 0
1955    49 51 0
1956    49 51 0
1957    49 51 0
1958    49 51 0
1959    49 51 0
1960    49 51 0
1961    49 51 0
1962    49 51 0
1963    49 51 0
1964    49 51 0
1965    49 51 0
1966    49 51 0
1967    49 51 0
1968    49 51 0
1969    49 51 0
1970    49 51 0
1971    49 51 0
1972    49 51 0
1973    49 51 0
1974    49 51 0
1975    49 51 0
1976    49 51 0
1977    49 51 0
1978    49 51 0
1979    49 51 0
1980    49 51 0
1981    49 51 0
1982    49 51 0
1983    49 51 0
1984    49 51 0
1985    49 51 0
1986    49 51 0
1987    49 51 0
1988    49 51 0
1989    49 51 0
1990    49 51 0
1991    49 51 0
1992    49 51 0
1993    49 51 0
1994    49 51 0
1995    49 51 0
1996    49 51 0
1997    49 51 0
1998    49 51 0
1999    49 51 0
2000    49 51 0
2001    49 51 0
2002    49 51 0
2003    49 51 0
2004    49 51 0
2005    49 51 0
2006    49 51 0
2007    49 51 0
2008    49 51 0
2009    49 51 0
2010    49 51 0
2011    49 51 0
2012    49 51 0
2013    49 51 0
2014    49 51 0
2015    49 51 0
2016    49 51 0
2017    49 51 0
2018    49 51 0
2019    49 51 0
2020    49 51 0
2021    49 51 0
2022    49 51 0
2023    49 51 0
2024    49 51 0
2025    49 51 0
2026    49 51 0
2027    49 51 0
2028    49 51 0
2029    49 51 0
2030    49 51 0
2031    49 51 0
2032    49 51 0
2033    49 51 0
2034    49 51 0
2035    49 51 0
2036    49 51 0
2037    49 51 0
2038    49 51 0
2039    48 52 0
2040    48 52 0
2041    48 52 0
2042    48 52 0
2043    48 52 0
2044    48 52 0
2045    48 52 0
2046    48 52 0
2047    48 52 0
2048    48 52 0
2049    48 52 0
2050    48 52 0
2051    48 52 0
2052    48 52 0
2053    48 52 0
2054    48 52 0
2055    48 52 0
2056    48 52 0
2057    48 52 0
2058    48 52 0
2059    48 52 0
2060    48 52 0
2061    48 52 0
2062    48 52 0
2063    48 52 0
2064    48 52 0
2065    48 52 0
2066    48 52 0
2067    48 52 0
2068    48 52 0
2069    48 52 0
2070    48 52 0
2071    48 52 0
2072    48 52 0
2073    48 52 0
2074    48 52 0
2075    48 52 0
2076    48 52 0
2077    48 52 0
2078    48 52 0
2079    49 51 0
2080    49 51 0
2081    49 51 0
2082    49 51 0
2083    49 51 0
2084    49 51 0
2085    49 51 0
2086    49 51 0
2087    49 51 0
2088    49 51 0
2089    49 51 0
2090    49 51 0
2091    49 51 0
2092    49 51 0
2093    49 51 0
2094    49 51 0
2095    49 51 0
2096    49 51 0
2097    49 51 0
2098    49 51 0
2099    49 51 0
2100    49 51 0
2101    49 51 0
2102    49 51 0
2103    49 51 0
2104    49 51 0
2105    49 51 0
2106    49 51 0
2107    49 51 0
2108    49 51 0
2109    49 51 0
2110    49 51 0
2111    49 51 0
2112    49 51 0
2113    49 51 0
2114    49 51 0
2115    49 51 0
2116    49 51 0
2117    49 51 0
2118    49 51 0
2119    49 51 0
2120    49 51 0
2121    49 51 0
2122    49 51 0
2123    49 51 0
2124    49 51 0
2125    49 51 0
2126    49 51 0
2127    49 51 0
2128    49 51 0
2129    49 51 0
2130    49 51 0
2131    49 51 0
2132    49 51 0
2133    49 51 0
2134    49 51 0
2135    49 51 0
2136    49 51 0
2137    49 51 0
2138    49 51 0
2139    49 51 0
2140    49 51 0
2141    49 51 0
2142    49 51 0
2143    49 51 0
2144    49 51 0
2145    49 51 0
2146    49 51 0
2147    49 51 0
2148    49 51 0
2149    49 51 0
2150    49 51 0
2151    49 51 0
2152    49 51 0
2153    49 51 0
2154    49 51 0
2155    49 51 0
2156    49 51 0
2157    49 51 0
2158    49 51 0
2159    49 51 0
2160    49 51 0
2161    49 51 0
2162    49 51 0
2163    49 51 0
2164    49 51 0
2165    49 51 0
2166    49 51 0
2167    49 51 0
2168    49 51 0
2169    49 51 0
2170    49 51 0
2171    49 51 0
2172    49 51 0
2173    49 51 0
2174    49 51 0
2175    49 51 0
2176    49 51 0
2177    49 51 0
2178    49 51 0
2179    49 51 0
2180    49 51 0
2181    49 51 0
2182    49 51 0
2183    49 51 0
2184    49 51 0
2185    49 51 0
2186    49 51 0
2187    49 51 0
2188    49 51 0
2189    49 51 0
2190    49 51 0
2191    49 51 0
2192    49 51 0
2193    49 51 0
2194    49 51 0
2195    49 51 0
2196    49 51 0
2197    49 51 0
2198    49 51 0
2199    49 51 0
2200    49 51 0
2201    49 51 0
2202    49 51 0
2203    49 51 0
2204    49 51 0
2205    49 51 0
2206    49 51 0
2207    49 51 0
2208    49 51 0
2209    49 51 0
2210    49 51 0
2211    49 51 0
2212    49 51 0
2213    49 51 0
2214    49 51 0
2215    49 51 0
2216    49 51 0
2217    49 51 0
2218    49 51 0
2219    49 51 0
2220    49 51 0
2221    49 51 0
2222    49 51 0
2223    49 51 0
2224    49 51 0
2225    48 52 0
2226    48 52 0
2227    48 52 0
2228    48 52 0
2229    48 52 0
2230    48 52 0
2231    48 52 0
2232    48 52 0
2233    48 52 0
2234    48 52 0
2235    48 52 0
2236    48 52 0
2237    48 52 0
2238    48 52 0
2239    48 52 0
2240    48 52 0
2241    48 52 0
2242    48 52 0
2243    48 52 0
2244    48 52 0
2245    48 52 0
2246    48 52 0
2247    48 52 0
2248    48 52 0
2249    48 52 0
2250    48 52 0
2251    48 52 0
2252    48 52 0
2253    48 52 0
2254    48 52 0
2255    48 52 0
2256    48 52 0
2257    48 52 0
2258    48 52 0
2259    48 52 0
2260    48 52 0
2261    48 52 0
2262    48 52 0
2263    48 52 0
2264    48 52 0
2265    48 52 0
2266    48 52 0
2267    48 52 0
2268    48 52 0
2269    48 52 0
2270    48 52 0
2271    48 52 0
2272    48 52 0
2273    48 52 0
2274    48 52 0
2275    48 52 0
2276    48 52 0
2277    48 52 0
2278    48 52 0
2279    48 52 0
2280    48 52 0
2281    48 52 0
2282    48 52 0
2283    48 52 0
2284    48 52 0
2285    48 52 0
2286    48 52 0
2287    48 52 0
2288    48 52 0
2289    48 52 0
2290    48 52 0
2291    48 52 0
2292    48 52 0
2293    48 52 0
2294    48 52 0
2295    48 52 0
2296    48 52 0
2297    48 52 0
2298    48 52 0
2299    48 52 0
2300    48 52 0
2301    48 52 0
2302    48 52 0
2303    48 52 0
2304    48 52 0
2305    48 52 0
2306    48 52 0
2307    48 52 0
2308    48 52 0
2309    48 52 0
2310    48 52 0
2311    48 52 0
2312    48 52 0
2313    48 52 0
2314    48 52 0
2315    48 52 0
2316    48 52 0
2317    48 52 0
2318    48 52 0
2319    48 52 0
2320    48 52 0
2321    48 52 0
2322    48 52 0
2323    48 52 0
2324    49 51 0
2325    49 51 0
2326    49 51 0
2327    49 51 0
2328    49 51 0
2329    49 51 0
2330    49 51 0
2331    49 51 0
2332    49 51 0
2333    48 52 0
2334    48 52 0
2335    48 52 0
2336    48 52 0
2337    48 52 0
2338    48 52 0
2339    48 52 0
2340    48 52 0
2341    48 52 0
2342    48 52 0
2343    48 52 0
2344    48 52 0
2345    48 52 0
2346    48 52 0
2347    48 52 0
2348    48 52 0
2349    48 52 0
2350    48 52 0
2351    48 52 0
2352    48 52 0
2353    48 52 0
2354    48 52 0
2355    48 52 0
2356    48 52 0
2357    48 52 0
2358    48 52 0
2359    48 52 0
2360    48 52 0
2361    48 52 0
2362    48 52 0
2363    48 52 0
2364    48 52 0
2365    48 52 0
2366    48 52 0
2367    48 52 0
2368    48 52 0
2369    48 52 0
2370    48 52 0
2371    48 52 0
2372    48 52 0
2373    48 52 0
2374    48 52 0
2375    48 52 0
2376    48 52 0
2377    48 52 0
2378    48 52 0
2379    48 52 0
2380    48 52 0
2381    48 52 0
2382    48 52 0
2383    48 52 0
2384    48 52 0
2385    48 52 0
2386    48 52 0
2387    48 52 0
2388    48 52 0
2389    48 52 0
2390    48 52 0
2391    48 52 0
2392    48 52 0
2393    48 52 0
2394    48 52 0
2395    47 53 0
2396    47 53 0
2397    47 53 0
2398    47 53 0
2399    47 53 0
2400    47 53 0
2401    47 53 0
2402    47 53 0
2403    47 53 0
2404    47 53 0
2405    47 53 0
2406    47 53 0
2407    47 53 0
2408    47 53 0
2409    47 53 0
2410    47 53 0
2411    47 53 0
2412    47 53 0
2413    47 53 0
2414    47 53 0
2415    47 53 0
2416    47 53 0
2417    47 53 0
2418    47 53 0
2419    47 53 0
2420    47 53 0
2421    47 53 0
2422    47 53 0
2423    47 53 0
2424    47 53 0
2425    47 53 0
2426    47 53 0
2427    47 53 0
2428    47 53 0
2429    47 53 0
2430    46 54 0
2431    46 54 0
2432    46 54 0
2433    46 54 0
2434    46 54 0
2435    46 54 0
2436    46 54 0
2437    46 54 0
2438    46 54 0
2439    46 54 0
2440    46 54 0
2441    46 54 0
2442    46 54 0
2443    46 54 0
2444    46 54 0
2445    46 54 0
2446    46 54 0
2447    46 54 0
2448    46 54 0
2449    46 54 0
2450    46 54 0
2451    46 54 0
2452    46 54 0
2453    46 54 0
2454    46 54 0
2455    46 54 0
2456    46 54 0
2457    46 54 0
2458    46 54 0
2459    46 54 0
2460    46 54 0
2461    46 54 0
2462    46 54 0
2463    46 54 0
2464    46 54 0
2465    46 54 0
2466    46 54 0
2467    46 54 0
2468    46 54 0
2469    46 54 0
2470    46 54 0
2471    46 54 0
2472    46 54 0
2473    46 54 0
2474    46 54 0
2475    46 54 0
2476    46 54 0
2477    46 54 0
2478    46 54 0
2479    46 54 0
2480    46 54 0
2481    46 54 0
2482    46 54 0
2483    47 53 0
2484    47 53 0
2485    47 53 0
2486    47 53 0
2487    47 53 0
2488    47 53 0
2489    47 53 0
2490    47 53 0
2491    47 53 0
2492    47 53 0
2493    47 53 0
2494    47 53 0
2495    47 53 0
2496    47 53 0
2497    47 53 0
2498    47 53 0
2499    47 53 0
2500    47 53 0
2501    47 53 0
2502    47 53 0
2503    47 53 0
2504    47 53 0
2505    47 53 0
2506    47 53 0
2507    47 53 0
2508    47 53 0
2509    47 53 0
2510    47 53 0
2511    47 53 0
2512    47 53 0
2513    46 54 0
2514    46 54 0
2515    46 54 0
2516    46 54 0
2517    46 54 0
2518    46 54 0
2519    46 54 0
2520    46 54 0
2521    46 54 0
2522    46 54 0
2523    46 54 0
2524    46 54 0
2525    46 54 0
2526    46 54 0
2527    46 54 0
2528    46 54 0
2529    46 54 0
2530    46 54 0
2531    46 54 0
2532    46 54 0
2533    46 54 0
2534    46 54 0
2535    46 54 0
2536    46 54 0
2537    46 54 0
2538    46 54 0
2539    46 54 0
2540    46 54 0
2541    46 54 0
2542    46 54 0
2543    46 54 0
2544    46 54 0
2545    46 54 0
2546    47 53 0
2547    47 53 0
2548    47 53 0
2549    47 53 0
2550    47 53 0
2551    47 53 0
2552    47 53 0
2553    47 53 0
2554    47 53 0
2555    47 53 0
2556    47 53 0
2557    47 53 0
2558    47 53 0
2559    47 53 0
2560    47 53 0
2561    47 53 0
2562    47 53 0
2563    47 53 0
2564    47 53 0
2565    47 53 0
2566    47 53 0
2567    47 53 0
2568    47 53 0
2569    47 53 0
2570    46 54 0
2571    46 54 0
2572    46 54 0
2573    46 54 0
2574    46 54 0
2575    46 54 0
2576    46 54 0
2577    46 54 0
2578    46 54 0
2579    46 54 0
2580    46 54 0
2581    46 54 0
2582    46 54 0
2583    46 54 0
2584    46 54 0
2585    46 54 0
2586    46 54 0
2587    47 53 0
2588    47 53 0
2589    47 53 0
2590    47 53 0
2591    47 53 0
2592    47 53 0
2593    47 53 0
2594    47 53 0
2595    47 53 0
2596    47 53 0
2597    47 53 0
2598    47 53 0
2599    47 53 0
2600    47 53 0
2601    47 53 0
2602    47 53 0
2603    47 53 0
2604    47 53 0
2605    47 53 0
2606    47 53 0
2607    47 53 0
2608    47 53 0
2609    47 53 0
2610    47 53 0
2611    47 53 0
2612    48 52 0
2613    48 52 0
2614    48 52 0
2615    48 52 0
2616    48 52 0
2617    48 52 0
2618    48 52 0
2619    48 52 0
2620    48 52 0
2621    48 52 0
2622    48 52 0
2623    48 52 0
2624    48 52 0
2625    48 52 0
2626    48 52 0
2627    48 52 0
2628    48 52 0
2629    48 52 0
2630    48 52 0
2631    48 52 0
2632    48 52 0
2633    48 52 0
2634    48 52 0
2635    48 52 0
2636    48 52 0
2637    48 52 0
2638    47 53 0
2639    47 53 0
2640    47 53 0
2641    47 53 0
2642    47 53 0
2643    47 53 0
2644    47 53 0
2645    47 53 0
2646    47 53 0
2647    47 53 0
2648    47 53 0
2649    47 53 0
2650    47 53 0
2651    47 53 0
2652    47 53 0
2653    47 53 0
2654    47 53 0
2655    47 53 0
2656    47 53 0
2657    47 53 0
2658    47 53 0
2659    47 53 0
2660    47 53 0
2661    47 53 0
2662    47 53 0
2663    47 53 0
2664    47 53 0
2665    47 53 0
2666    47 53 0
2667    47 53 0
2668    47 53 0
2669    47 53 0
2670    47 53 0
2671    47 53 0
2672    47 53 0
2673    47 53 0
2674    47 53 0
2675    47 53 0
2676    47 53 0
2677    47 53 0
2678    47 53 0
2679    47 53 0
2680    47 53 0
2681    47 53 0
2682    47 53 0
2683    47 53 0
2684    47 53 0
2685    47 53 0
2686    47 53 0
2687    47 53 0
2688    47 53 0
2689    47 53 0
2690    47 53 0
2691    47 53 0
2692    47 53 0
2693    47 53 0
2694    47 53 0
2695    47 53 0
2696    47 53 0
2697    47 53 0
2698    47 53 0
2699    47 53 0
2700    47 53 0
2701    47 53 0
2702    47 53 0
2703    47 53 0
2704    47 53 0
2705    47 53 0
2706    47 53 0
2707    47 53 0
2708    47 53 0
2709    47 53 0
2710    46 54 0
2711    46 54 0
2712    46 54 0
2713    46 54 0
2714    46 54 0
2715    46 54 0
2716    46 54 0
2717    46 54 0
2718    46 54 0
2719    46 54 0
2720    46 54 0
2721    46 54 0
2722    46 54 0
2723    46 54 0
2724    46 54 0
2725    46 54 0
2726    46 54 0
2727    46 54 0
2728    46 54 0
2729    46 54 0
2730    46 54 0
2731    46 54 0
2732    46 54 0
2733    46 54 0
2734    46 54 0
2735    46 54 0
2736    46 54 0
2737    46 54 0
2738    46 54 0
2739    46 54 0
2740    46 54 0
2741    46 54 0
2742    46 54 0
2743    46 54 0
2744    46 54 0
2745    46 54 0
2746    46 54 0
2747    46 54 0
2748    46 54 0
2749    46 54 0
2750    46 54 0
2751    46 54 0
2752    46 54 0
2753    46 54 0
2754    46 54 0
2755    46 54 0
2756    46 54 0
2757    46 54 0
2758    46 54 0
2759    46 54 0
2760    46 54 0
2761    46 54 0
2762    46 54 0
2763    46 54 0
2764    46 54 0
2765    46 54 0
2766    47 53 0
2767    47 53 0
2768    47 53 0
2769    47 53 0
2770    47 53 0
2771    47 53 0
2772    47 53 0
2773    47 53 0
2774    47 53 0
2775    47 53 0
2776    47 53 0
2777    47 53 0
2778    47 53 0
2779    47 53 0
2780    47 53 0
2781    47 53 0
2782    47 53 0
2783    47 53 0
2784    47 53 0
2785    47 53 0
2786    47 53 0
2787    47 53 0
2788    47 53 0
2789    47 53 0
2790    47 53 0
2791    47 53 0
2792    47 53 0
2793    47 53 0
2794    47 53 0
2795    47 53 0
2796    47 53 0
2797    47 53 0
2798    48 52 0
2799    48 52 0
2800    48 52 0
2801    48 52 0
2802    48 52 0
2803    48 52 0
2804    48 52 0
2805    48 52 0
2806    48 52 0
2807    48 52 0
2808    48 52 0
2809    48 52 0
2810    48 52 0
2811    48 52 0
2812    48 52 0
2813    48 52 0
2814    48 52 0
2815    48 52 0
2816    48 52 0
2817    48 52 0
2818    48 52 0
2819    48 52 0
2820    48 52 0
2821    48 52 0
2822    48 52 0
2823    48 52 0
2824    48 52 0
2825    48 52 0
2826    48 52 0
2827    48 52 0
2828    48 52 0
2829    48 52 0
2830    48 52 0
2831    48 52 0
2832    48 52 0
2833    48 52 0
2834    48 52 0
2835    48 52 0
2836    48 52 0
2837    48 52 0
2838    48 52 0
2839    48 52 0
2840    48 52 0
2841    48 52 0
2842    48 52 0
2843    48 52 0
2844    48 52 0
2845    48 52 0
2846    48 52 0
2847    48 52 0
2848    48 52 0
2849    48 52 0
2850    48 52 0
2851    48 52 0
2852    48 52 0
2853    48 52 0
2854    48 52 0
2855    48 52 0
2856    48 52 0
2857    48 52 0
2858    48 52 0
2859    48 52 0
2860    48 52 0
2861    48 52 0
2862    48 52 0
2863    48 52 0
2864    48 52 0
2865    48 52 0
2866    48 52 0
2867    48 52 0
2868    48 52 0
2869    48 52 0
2870    48 52 0
2871    48 52 0
2872    48 52 0
2873    48 52 0
2874    48 52 0
2875    48 52 0
2876    48 52 0
2877    48 52 0
2878    48 52 0
2879    48 52 0
2880    48 52 0
2881    48 52 0
2882    48 52 0
2883    48 52 0
2884    48 52 0
2885    48 52 0
2886    48 52 0
2887    48 52 0
2888    48 52 0
2889    48 52 0
2890    48 52 0
2891    48 52 0
2892    49 51 0
2893    49 51 0
2894    49 51 0
2895    49 51 0
2896    49 51 0
2897    49 51 0
2898    49 51 0
2899    49 51 0
2900    49 51 0
2901    48 52 0
2902    48 52 0
2903    48 52 0
2904    48 52 0
2905    48 52 0
2906    48 52 0
2907    48 52 0
2908    48 52 0
2909    48 52 0
2910    48 52 0
2911    48 52 0
2912    48 52 0
2913    48 52 0
2914    48 52 0
2915    48 52 0
2916    48 52 0
2917    48 52 0
2918    48 52 0
2919    48 52 0
2920    48 52 0
2921    48 52 0
2922    48 52 0
2923    48 52 0
2924    47 53 0
2925    47 53 0
2926    47 53 0
2927    47 53 0
2928    47 53 0
2929    47 53 0
2930    47 53 0
2931    47 53 0
2932    47 53 0
2933    47 53 0
2934    47 53 0
2935    47 53 0
2936    47 53 0
2937    47 53 0
2938    47 53 0
2939    47 53 0
2940    47 53 0
2941    47 53 0
2942    47 53 0
2943    47 53 0
2944    47 53 0
2945    47 53 0
2946    47 53 0
2947    47 53 0
2948    47 53 0
2949    47 53 0
2950    47 53 0
2951    47 53 0
2952    47 53 0
2953    47 53 0
2954    47 53 0
2955    47 53 0
2956    47 53 0
2957    47 53 0
2958    47 53 0
2959    47 53 0
2960    47 53 0
2961    47 53 0
2962    46 54 0
2963    46 54 0
2964    46 54 0
2965    46 54 0
2966    46 54 0
2967    46 54 0
2968    46 54 0
2969    46 54 0
2970    46 54 0
2971    46 54 0
2972    46 54 0
2973    46 54 0
2974    46 54 0
2975    46 54 0
2976    46 54 0
2977    46 54 0
2978    46 54 0
2979    46 54 0
2980    46 54 0
2981    46 54 0
2982    46 54 0
2983    46 54 0
2984    46 54 0
2985    46 54 0
2986    46 54 0
2987    46 54 0
2988    46 54 0
2989    46 54 0
2990    46 54 0
2991    46 54 0
2992    46 54 0
2993    46 54 0
2994    46 54 0
2995    46 54 0
2996    46 54 0
2997    46 54 0
2998    46 54 0
2999    46 54 0
3000    46 54 0
3001    46 54 0
3002    46 54 0
3003    46 54 0
3004    46 54 0
3005    46 54 0
3006    46 54 0
3007    46 54 0
3008    46 54 0
3009    46 54 0
3010    46 54 0
3011    46 54 0
3012    46 54 0
3013    46 54 0
3014    46 54 0
3015    46 54 0
3016    46 54 0
3017    46 54 0
3018    46 54 0
3019    46 54 0
3020    46 54 0
3021    46 54 0
3022    46 54 0
3023    46 54 0
3024    46 54 0
3025    46 54 0
3026    46 54 0
3027    46 54 0
3028    46 54 0
3029    46 54 0
3030    46 54 0
3031    46 54 0
3032    46 54 0
3033    46 54 0
3034    46 54 0
3035    46 54 0
3036    46 54 0
3037    46 54 0
3038    46 54 0
3039    46 54 0
3040    46 54 0
3041    46 54 0
3042    46 54 0
3043    46 54 0
3044    46 54 0
3045    46 54 0
3046    46 54 0
3047    46 54 0
3048    46 54 0
3049    46 54 0
3050    46 54 0
3051    46 54 0
3052    46 54 0
3053    46 54 0
3054    46 54 0
3055    46 54 0
3056    46 54 0
3057    46 54 0
3058    46 54 0
3059    46 54 0
3060    46 54 0
3061    46 54 0
3062    46 54 0
3063    46 54 0
3064    46 54 0
3065    46 54 0
3066    46 54 0
3067    46 54 0
3068    46 54 0
3069    46 54 0
3070    46 54 0
3071    46 54 0
3072    46 54 0
3073    46 54 0
3074    46 54 0
3075    46 54 0
3076    46 54 0
3077    46 54 0
3078    46 54 0
3079    46 54 0
3080    46 54 0
3081    46 54 0
3082    46 54 0
3083    46 54 0
3084    46 54 0
3085    46 54 0
3086    46 54 0
3087    46 54 0
3088    46 54 0
3089    46 54 0
3090    46 54 0
3091    46 54 0
3092    46 54 0
3093    46 54 0
3094    46 54 0
3095    46 54 0
3096    46 54 0
3097    46 54 0
3098    46 54 0
3099    46 54 0
3100    46 54 0
3101    46 54 0
3102    46 54 0
3103    46 54 0
3104    46 54 0
3105    46 54 0
3106    46 54 0
3107    46 54 0
3108    46 54 0
3109    46 54 0
3110    46 54 0
3111    46 54 0
3112    46 54 0
3113    46 54 0
3114    46 54 0
3115    46 54 0
3116    46 54 0
3117    46 54 0
3118    46 54 0
3119    46 54 0
3120    46 54 0
3121    46 54 0
3122    46 54 0
3123    46 54 0
3124    46 54 0
3125    46 54 0
3126    46 54 0
3127    46 54 0
3128    46 54 0
3129    46 54 0
3130    46 54 0
3131    46 54 0
3132    46 54 0
3133    46 54 0
3134    46 54 0
3135    46 54 0
3136    46 54 0
3137    46 54 0
3138    46 54 0
3139    46 54 0
3140    46 54 0
3141    46 54 0
3142    46 54 0
3143    46 54 0
3144    46 54 0
3145    46 54 0
3146    46 54 0
3147    46 54 0
3148    46 54 0
3149    46 54 0
3150    46 54 0
3151    46 54 0
3152    46 54 0
3153    46 54 0
3154    46 54 0
3155    46 54 0
3156    46 54 0
3157    46 54 0
3158    46 54 0
3159    46 54 0
3160    46 54 0
3161    46 54 0
3162    46 54 0
3163    46 54 0
3164    46 54 0
3165    46 54 0
3166    46 54 0
3167    46 54 0
3168    46 54 0
3169    46 54 0
3170    46 54 0
3171    46 54 0
3172    46 54 0
3173    46 54 0
3174    46 54 0
3175    46 54 0
3176    46 54 0
3177    46 54 0
3178    46 54 0
3179    46 54 0
3180    46 54 0
3181    46 54 0
3182    46 54 0
3183    46 54 0
3184    46 54 0
3185    46 54 0
3186    46 54 0
3187    46 54 0
3188    46 54 0
3189    46 54 0
3190    46 54 0
3191    46 54 0
3192    46 54 0
3193    46 54 0
3194    46 54 0
3195    46 54 0
3196    46 54 0
3197    46 54 0
3198    46 54 0
3199    46 54 0
3200    46 54 0
3201    46 54 0
3202    46 54 0
3203    46 54 0
3204    46 54 0
3205    46 54 0
3206    46 54 0
3207    46 54 0
3208    46 54 0
3209    46 54 0
3210    46 54 0
3211    46 54 0
3212    46 54 0
3213    46 54 0
3214    46 54 0
3215    46 54 0
3216    46 54 0
3217    46 54 0
3218    46 54 0
3219    46 54 0
3220    46 54 0
3221    46 54 0
3222    46 54 0
3223    46 54 0
3224    46 54 0
3225    46 54 0
3226    46 54 0
3227    46 54 0
3228    46 54 0
3229    46 54 0
3230    46 54 0
3231    47 53 0
3232    47 53 0
3233    47 53 0
3234    47 53 0
3235    47 53 0
3236    47 53 0
3237    47 53 0
3238    47 53 0
3239    47 53 0
3240    47 53 0
3241    47 53 0
3242    47 53 0
3243    47 53 0
3244    47 53 0
3245    47 53 0
3246    47 53 0
3247    47 53 0
3248    47 53 0
3249    47 53 0
3250    47 53 0
3251    47 53 0
3252    47 53 0
3253    47 53 0
3254    47 53 0
3255    47 53 0
3256    47 53 0
3257    47 53 0
3258    47 53 0
3259    47 53 0
3260    47 53 0
3261    47 53 0
3262    47 53 0
3263    47 53 0
3264    47 53 0
3265    47 53 0
3266    47 53 0
3267    47 53 0
3268    47 53 0
3269    47 53 0
3270    47 53 0
3271    47 53 0
3272    47 53 0
3273    47 53 0
3274    47 53 0
3275    47 53 0
3276    47 53 0
3277    47 53 0
3278    47 53 0
3279    47 53 0
3280    47 53 0
3281    47 53 0
3282    47 53 0
3283    47 53 0
3284    47 53 0
3285    47 53 0
3286    47 53 0
3287    47 53 0
3288    47 53 0
3289    47 53 0
3290    47 53 0
3291    47 53 0
3292    47 53 0
3293    47 53 0
3294    47 53 0
3295    47 53 0
3296    47 53 0
3297    47 53 0
3298    47 53 0
3299    47 53 0
3300    47 53 0
3301    47 53 0
3302    47 53 0
3303    47 53 0
3304    47 53 0
3305    47 53 0
3306    47 53 0
3307    47 53 0
3308    47 53 0
3309    47 53 0
3310    47 53 0
3311    47 53 0
3312    47 53 0
3313    47 53 0
3314    47 53 0
3315    47 53 0
3316    47 53 0
3317    47 53 0
3318    47 53 0
3319    47 53 0
3320    47 53 0
3321    47 53 0
3322    47 53 0
3323    47 53 0
3324    47 53 0
3325    47 53 0
3326    47 53 0
3327    47 53 0
3328    47 53 0
3329    47 53 0
3330    47 53 0
3331    47 53 0
3332    47 53 0
3333    47 53 0
3334    47 53 0
3335    47 53 0
3336    47 53 0
3337    47 53 0
3338    47 53 0
3339    47 53 0
3340    47 53 0
3341    47 53 0
3342    47 53 0
3343    47 53 0
3344    47 53 0
3345    47 53 0
3346    47 53 0
3347    47 53 0
3348    47 53 0
3349    47 53 0
3350    47 53 0
3351    47 53 0
3352    47 53 0
3353    47 53 0
3354    47 53 0
3355    47 53 0
3356    47 53 0
3357    47 53 0
3358    47 53 0
3359    47 53 0
3360    47 53 0
3361    47 53 0
3362    47 53 0
3363    47 53 0
3364    47 53 0
3365    47 53 0
3366    47 53 0
3367    47 53 0
3368    47 53 0
3369    47 53 0
3370    47 53 0
3371    47 53 0
3372    47 53 0
3373    47 53 0
3374    47 53 0
3375    47 53 0
3376    47 53 0
3377    47 53 0
3378    47 53 0
3379    47 53 0
3380    47 53 0
3381    47 53 0
3382    47 53 0
3383    47 53 0
3384    47 53 0
3385    47 53 0
3386    47 53 0
3387    47 53 0
3388    47 53 0
3389    47 53 0
3390    47 53 0
3391    47 53 0
3392    47 53 0
3393    47 53 0
3394    47 53 0
3395    47 53 0
3396    47 53 0
3397    47 53 0
3398    47 53 0
3399    47 53 0
3400    47 53 0
3401    47 53 0
3402    47 53 0
3403    47 53 0
3404    47 53 0
3405    47 53 0
3406    47 53 0
3407    47 53 0
3408    47 53 0
3409    47 53 0
3410    47 53 0
3411    47 53 0
3412    47 53 0
3413    47 53 0
3414    47 53 0
3415    47 53 0
3416    47 53 0
3417    47 53 0
3418    47 53 0
3419    47 53 0
3420    47 53 0
3421    47 53 0
3422    47 53 0
3423    47 53 0
3424    47 53 0
3425    47 53 0
3426    47 53 0
3427    47 53 0
3428    47 53 0
3429    47 53 0
3430    47 53 0
3431    47 53 0
3432    47 53 0
3433    47 53 0
3434    47 53 0
3435    47 53 0
3436    47 53 0
3437    47 53 0
3438    47 53 0
3439    47 53 0
3440    47 53 0
3441    47 53 0
3442    47 53 0
3443    47 53 0
3444    47 53 0
3445    47 53 0
3446    47 53 0
3447    47 53 0
3448    47 53 0
3449    47 53 0
3450    47 53 0
3451    47 53 0
3452    47 53 0
3453    47 53 0
3454    47 53 0
3455    47 53 0
3456    47 53 0
3457    47 53 0
3458    47 53 0
3459    47 53 0
3460    47 53 0
3461    47 53 0
3462    47 53 0
3463    47 53 0
3464    47 53 0
3465    47 53 0
3466    47 53 0
3467    47 53 0
3468    47 53 0
3469    47 53 0
3470    47 53 0
3471    47 53 0
3472    47 53 0
3473    47 53 0
3474    47 53 0
3475    47 53 0
3476    47 53 0
3477    47 53 0
3478    47 53 0
3479    47 53 0
3480    47 53 0
3481    47 53 0
3482    47 53 0
3483    47 53 0
3484    47 53 0
3485    47 53 0
3486    47 53 0
3487    47 53 0
3488    47 53 0
3489    47 53 0
3490    47 53 0
3491    47 53 0
3492    47 53 0
3493    48 52 0
3494    48 52 0
3495    48 52 0
3496    48 52 0
3497    48 52 0
3498    48 52 0
3499    48 52 0
3500    48 52 0
3501    48 52 0
3502    48 52 0
3503    48 52 0
3504    48 52 0
3505    48 52 0
3506    48 52 0
3507    48 52 0
3508    48 52 0
3509    48 52 0
3510    48 52 0
3511    48 52 0
3512    48 52 0
3513    48 52 0
3514    48 52 0
3515    48 52 0
3516    48 52 0
3517    48 52 0
3518    48 52 0
3519    48 52 0
3520    48 52 0
3521    48 52 0
3522    48 52 0
3523    49 51 0
3524    49 51 0
3525    49 51 0
3526    49 51 0
3527    49 51 0
3528    49 51 0
3529    49 51 0
3530    49 51 0
3531    50 50 0
3532    50 50 0
3533    50 50 0
3534    49 51 0
3535    49 51 0
3536    49 51 0
3537    49 51 0
3538    49 51 0
3539    49 51 0
3540    49 51 0
3541    49 51 0
3542    49 51 0
3543    49 51 0
3544    49 51 0
3545    49 51 0
3546    49 51 0
3547    49 51 0
3548    49 51 0
3549    49 51 0
3550    49 51 0
3551    49 51 0
3552    49 51 0
3553    49 51 0
3554    49 51 0
3555    49 51 0
3556    49 51 0
3557    49 51 0
3558    49 51 0
3559    49 51 0
3560    49 51 0
3561    49 51 0
3562    49 51 0
3563    49 51 0
3564    49 51 0
3565    49 51 0
3566    49 51 0
3567    49 51 0
3568    49 51 0
3569    49 51 0
3570    49 51 0
3571    49 51 0
3572    49 51 0
3573    49 51 0
3574    49 51 0
3575    49 51 0
3576    49 51 0
3577    49 51 0
3578    49 51 0
3579    49 51 0
3580    49 51 0
3581    49 51 0
3582    49 51 0
3583    49 51 0
3584    49 51 0
3585    49 51 0
3586    49 51 0
3587    49 51 0
3588    49 51 0
3589    49 51 0
3590    49 51 0
3591    49 51 0
3592    49 51 0
3593    49 51 0
3594    49 51 0
3595    49 51 0
3596    49 51 0
3597    49 51 0
3598    49 51 0
3599    49 51 0
3600    49 51 0
3601    49 51 0
3602    49 51 0
3603    49 51 0
3604    49 51 0
3605    49 51 0
3606    49 51 0
3607    49 51 0
3608    49 51 0
3609    49 51 0
3610    49 51 0
3611    49 51 0
3612    49 51 0
3613    49 51 0
3614    49 51 0
3615    49 51 0
3616    49 51 0
3617    49 51 0
3618    49 51 0
3619    49 51 0
3620    49 51 0
3621    49 51 0
3622    49 51 0
3623    49 51 0
3624    49 51 0
3625    49 51 0
3626    49 51 0
3627    49 51 0
3628    49 51 0
3629    49 51 0
3630    49 51 0
3631    49 51 0
3632    49 51 0
3633    49 51 0
3634    49 51 0
3635    49 51 0
3636    49 51 0
3637    49 51 0
3638    49 51 0
3639    49 51 0
3640    49 51 0
3641    50 50 0
3642    50 50 0
3643    50 50 0
3644    50 50 0
3645    50 50 0
3646    50 50 0
3647    50 50 0
3648    50 50 0
3649    50 50 0
3650    50 50 0
3651    50 50 0
3652    50 50 0
3653    50 50 0
3654    50 50 0
3655    50 50 0
3656    50 50 0
3657    50 50 0
3658    50 50 0
3659    50 50 0
3660    50 50 0
3661    50 50 0
3662    50 50 0
3663    50 50 0
3664    50 50 0
3665    51 49 0
3666    51 49 0
3667    51 49 0
3668    51 49 0
3669    51 49 0
3670    51 49 0
3671    51 49 0
3672    51 49 0
3673    51 49 0
3674    51 49 0
3675    51 49 0
3676    51 49 0
3677    51 49 0
3678    51 49 0
3679    51 49 0
3680    51 49 0
3681    51 49 0
3682    51 49 0
3683    51 49 0
3684    51 49 0
3685    51 49 0
3686    51 49 0
3687    51 49 0
3688    51 49 0
3689    51 49 0
3690    51 49 0
3691    51 49 0
3692    51 49 0
3693    51 49 0
3694    51 49 0
3695    51 49 0
3696    51 49 0
3697    51 49 0
3698    51 49 0
3699    51 49 0
3700    51 49 0
3701    51 49 0
3702    51 49 0
3703    51 49 0
3704    51 49 0
3705    51 49 0
3706    51 49 0
3707    51 49 0
3708    51 49 0
3709    51 49 0
3710    51 49 0
3711    51 49 0
3712    51 49 0
3713    51 49 0
3714    51 49 0
3715    51 49 0
3716    51 49 0
3717    51 49 0
3718    51 49 0
3719    51 49 0
3720    51 49 0
3721    51 49 0
3722    51 49 0
3723    51 49 0
3724    51 49 0
3725    51 49 0
3726    51 49 0
3727    51 49 0
3728    51 49 0
3729    51 49 0
3730    51 49 0
3731    51 49 0
3732    51 49 0
3733    51 49 0
3734    51 49 0
3735    51 49 0
3736    51 49 0
3737    51 49 0
3738    51 49 0
3739    51 49 0
3740    51 49 0
3741    51 49 0
3742    51 49 0
3743    51 49 0
3744    51 49 0
3745    51 49 0
3746    51 49 0
3747    51 49 0
3748    51 49 0
3749    51 49 0
3750    51 49 0
3751    51 49 0
3752    51 49 0
3753    51 49 0
3754    51 49 0
3755    51 49 0
3756    51 49 0
3757    51 49 0
3758    51 49 0
3759    51 49 0
3760    51 49 0
3761    51 49 0
3762    51 49 0
3763    51 49 0
3764    51 49 0
3765    51 49 0
3766    51 49 0
3767    51 49 0
3768    51 49 0
3769    51 49 0
3770    51 49 0
3771    51 49 0
3772    51 49 0
3773    51 49 0
3774    51 49 0
3775    51 49 0
3776    51 49 0
3777    51 49 0
3778    51 49 0
3779    51 49 0
3780    51 49 0
3781    51 49 0
3782    51 49 0
3783    51 49 0
3784    51 49 0
3785    51 49 0
3786    51 49 0
3787    51 49 0
3788    51 49 0
3789    51 49 0
3790    51 49 0
3791    51 49 0
3792    51 49 0
3793    51 49 0
3794    51 49 0
3795    51 49 0
3796    51 49 0
3797    51 49 0
3798    51 49 0
3799    51 49 0
3800    51 49 0
3801    51 49 0
3802    51 49 0
3803    51 49 0
3804    51 49 0
3805    51 49 0
3806    51 49 0
3807    51 49 0
3808    50 50 0
3809    50 50 0
3810    50 50 0
3811    50 50 0
3812    50 50 0
3813    50 50 0
3814    50 50 0
3815    50 50 0
3816    50 50 0
3817    50 50 0
3818    50 50 0
3819    50 50 0
3820    50 50 0
3821    50 50 0
3822    50 50 0
3823    50 50 0
3824    50 50 0
3825    50 50 0
3826    50 50 0
3827    50 50 0
3828    50 50 0
3829    50 50 0
3830    50 50 0
3831    50 50 0
3832    50 50 0
3833    50 50 0
3834    50 50 0
3835    50 50 0
3836    50 50 0
3837    50 50 0
3838    50 50 0
3839    50 50 0
3840    50 50 0
3841    50 50 0
3842    50 50 0
3843    50 50 0
3844    50 50 0
3845    50 50 0
3846    50 50 0
3847    50 50 0
3848    50 50 0
3849    50 50 0
3850    50 50 0
3851    50 50 0
3852    50 50 0
3853    50 50 0
3854    50 50 0
3855    50 50 0
3856    50 50 0
3857    50 50 0
3858    50 50 0
3859    50 50 0
3860    50 50 0
3861    50 50 0
3862    50 50 0
3863    50 50 0
3864    50 50 0
3865    50 50 0
3866    50 50 0
3867    50 50 0
3868    50 50 0
3869    50 50 0
3870    50 50 0
3871    50 50 0
3872    50 50 0
3873    50 50 0
3874    50 50 0
3875    50 50 0
3876    50 50 0
3877    50 50 0
3878    50 50 0
3879    50 50 0
3880    50 50 0
3881    50 50 0
3882    50 50 0
3883    50 50 0
3884    50 50 0
3885    50 50 0
3886    50 50 0
3887    50 50 0
3888    50 50 0
3889    50 50 0
3890    50 50 0
3891    50 50 0
3892    50 50 0
3893    50 50 0
3894    50 50 0
3895    50 50 0
3896    50 50 0
3897    50 50 0
3898    50 50 0
3899    50 50 0
3900    50 50 0
3901    50 50 0
3902    50 50 0
3903    50 50 0
3904    50 50 0
3905    50 50 0
3906    50 50 0
3907    50 50 0
3908    50 50 0
3909    50 50 0
3910    50 50 0
3911    50 50 0
3912    50 50 0
3913    50 50 0
3914    50 50 0
3915    50 50 0
3916    50 50 0
3917    50 50 0
3918    50 50 0
3919    50 50 0
3920    50 50 0
3921    50 50 0
3922    50 50 0
3923    50 50 0
3924    50 50 0
3925    50 50 0
3926    50 50 0
3927    50 50 0
3928    50 50 0
3929    50 50 0
3930    50 50 0
3931    50 50 0
3932    50 50 0
3933    50 50 0
3934    50 50 0
3935    50 50 0
3936    50 50 0
3937    50 50 0
3938    50 50 0
3939    50 50 0
3940    50 50 0
3941    50 50 0
3942    50 50 0
3943    50 50 0
3944    50 50 0
3945    50 50 0
3946    50 50 0
3947    50 50 0
3948    50 50 0
3949    50 50 0
3950    50 50 0
3951    50 50 0
3952    50 50 0
3953    50 50 0
3954    50 50 0
3955    50 50 0
3956    50 50 0
3957    51 49 0
3958    51 49 0
3959    51 49 0
3960    51 49 0
3961    51 49 0
3962    51 49 0
3963    51 49 0
3964    51 49 0
3965    51 49 0
3966    51 49 0
3967    51 49 0
3968    51 49 0
3969    51 49 0
3970    51 49 0
3971    51 49 0
3972    51 49 0
3973    51 49 0
3974    51 49 0
3975    51 49 0
3976    51 49 0
3977    51 49 0
3978    51 49 0
3979    51 49 0
3980    51 49 0
3981    51 49 0
3982    51 49 0
3983    51 49 0
3984    51 49 0
3985    51 49 0
3986    51 49 0
3987    51 49 0
3988    51 49 0
3989    51 49 0
3990    51 49 0
3991    51 49 0
3992    51 49 0
3993    51 49 0
3994    51 49 0
3995    51 49 0
3996    51 49 0
3997    51 49 0
3998    51 49 0
3999    51 49 0
4000    51 49 0
4001    51 49 0
4002    51 49 0
4003    51 49 0
4004    51 49 0
4005    51 49 0
4006    51 49 0
4007    51 49 0
4008    51 49 0
4009    51 49 0
4010    51 49 0
4011    51 49 0
4012    51 49 0
4013    51 49 0
4014    51 49 0
4015    51 49 0
4016    51 49 0
4017    51 49 0
4018    51 49 0
4019    51 49 0
4020    51 49 0
4021    51 49 0
4022    51 49 0
4023    51 49 0
4024    51 49 0
4025    51 49 0
4026    51 49 0
4027    51 49 0
4028    51 49 0
4029    51 49 0
4030    51 49 0
4031    51 49 0
4032    51 49 0
4033    51 49 0
4034    51 49 0
4035    51 49 0
4036    51 49 0
4037    52 48 0
4038    52 48 0
4039    52 48 0
4040    52 48 0
4041    52 48 0
4042    52 48 0
4043    52 48 0
4044    52 48 0
4045    52 48 0
4046    52 48 0
4047    52 48 0
4048    52 48 0
4049    52 48 0
4050    52 48 0
4051    52 48 0
4052    52 48 0
4053    52 48 0
4054    52 48 0
4055    52 48 0
4056    52 48 0
4057    52 48 0
4058    52 48 0
4059    52 48 0
4060    52 48 0
4061    52 48 0
4062    52 48 0
4063    52 48 0
4064    52 48 0
4065    52 48 0
4066    52 48 0
4067    52 48 0
4068    52 48 0
4069    52 48 0
4070    52 48 0
4071    52 48 0
4072    52 48 0
4073    52 48 0
4074    52 48 0
4075    54 46 0
4076    54 46 0
4077    54 46 0
4078    54 46 0
4079    54 46 0
4080    54 46 0
4081    54 46 0
4082    54 46 0
4083    54 46 0
4084    54 46 0
4085    54 46 0
4086    54 46 0
4087    54 46 0
4088    54 46 0
4089    54 46 0
4090    54 46 0
4091    54 46 0
4092    54 46 0
4093    54 46 0
4094    54 46 0
4095    54 46 0
4096    54 46 0
4097    54 46 0
4098    54 46 0
4099    54 46 0
4100    54 46 0
4101    54 46 0
4102    54 46 0
4103    54 46 0
4104    54 46 0
4105    54 46 0
4106    54 46 0
4107    54 46 0
4108    54 46 0
4109    54 46 0
4110    54 46 0
4111    54 46 0
4112    54 46 0
4113    54 46 0
4114    54 46 0
4115    54 46 0
4116    54 46 0
4117    54 46 0
4118    54 46 0
4119    54 46 0
4120    54 46 0
4121    54 46 0
4122    54 46 0
4123    54 46 0
4124    54 46 0
4125    54 46 0
4126    54 46 0
4127    54 46 0
4128    54 46 0
4129    54 46 0
4130    54 46 0
4131    54 46 0
4132    54 46 0
4133    54 46 0
4134    54 46 0
4135    54 46 0
4136    54 46 0
4137    54 46 0
4138    54 46 0
4139    54 46 0
4140    54 46 0
4141    54 46 0
4142    54 46 0
4143    54 46 0
4144    54 46 0
4145    54 46 0
4146    54 46 0
4147    54 46 0
4148    54 46 0
4149    54 46 0
4150    54 46 0
4151    54 46 0
4152    54 46 0
4153    54 46 0
4154    54 46 0
4155    54 46 0
4156    54 46 0
4157    54 46 0
4158    54 46 0
4159    53 47 0
4160    53 47 0
4161    53 47 0
4162    53 47 0
4163    53 47 0
4164    53 47 0
4165    53 47 0
4166    53 47 0
4167    53 47 0
4168    53 47 0
4169    53 47 0
4170    53 47 0
4171    53 47 0
4172    53 47 0
4173    53 47 0
4174    53 47 0
4175    53 47 0
4176    53 47 0
4177    53 47 0
4178    53 47 0
4179    53 47 0
4180    53 47 0
4181    53 47 0
4182    53 47 0
4183    53 47 0
4184    53 47 0
4185    53 47 0
4186    53 47 0
4187    53 47 0
4188    53 47 0
4189    53 47 0
4190    53 47 0
4191    53 47 0
4192    53 47 0
4193    53 47 0
4194    53 47 0
4195    53 47 0
4196    53 47 0
4197    53 47 0
4198    53 47 0
4199    53 47 0
4200    53 47 0
4201    53 47 0
4202    53 47 0
4203    53 47 0
4204    53 47 0
4205    53 47 0
4206    53 47 0
4207    53 47 0
4208    53 47 0
4209    53 47 0
4210    53 47 0
4211    53 47 0
4212    53 47 0
4213    53 47 0
4214    53 47 0
4215    53 47 0
4216    53 47 0
4217    53 47 0
4218    53 47 0
4219    53 47 0
4220    53 47 0
4221    53 47 0
4222    53 47 0
4223    53 47 0
4224    53 47 0
4225    53 47 0
4226    53 47 0
4227    53 47 0
4228    53 47 0
4229    53 47 0
4230    53 47 0
4231    53 47 0
4232    53 47 0
4233    53 47 0
4234    53 47 0
4235    53 47 0
4236    53 47 0
4237    53 47 0
4238    53 47 0
4239    53 47 0
4240    53 47 0
4241    53 47 0
4242    53 47 0
4243    53 47 0
4244    53 47 0
4245    53 47 0
4246    53 47 0
4247    53 47 0
4248    53 47 0
4249    53 47 0
4250    53 47 0
4251    53 47 0
4252    53 47 0
4253    53 47 0
4254    53 47 0
4255    53 47 0
4256    53 47 0
4257    53 47 0
4258    53 47 0
4259    53 47 0
4260    53 47 0
4261    53 47 0
4262    53 47 0
4263    53 47 0
4264    53 47 0
4265    53 47 0
4266    53 47 0
4267    53 47 0
4268    53 47 0
4269    53 47 0
4270    53 47 0
4271    53 47 0
4272    53 47 0
4273    53 47 0
4274    53 47 0
4275    53 47 0
4276    53 47 0
4277    53 47 0
4278    53 47 0
4279    53 47 0
4280    53 47 0
4281    53 47 0
4282    53 47 0
4283    53 47 0
4284    53 47 0
4285    53 47 0
4286    53 47 0
4287    53 47 0
4288    53 47 0
4289    53 47 0
4290    53 47 0
4291    53 47 0
4292    53 47 0
4293    53 47 0
4294    53 47 0
4295    53 47 0
4296    53 47 0
4297    53 47 0
4298    53 47 0
4299    53 47 0
4300    53 47 0
4301    53 47 0
4302    53 47 0
4303    53 47 0
4304    53 47 0
4305    53 47 0
4306    53 47 0
4307    53 47 0
4308    53 47 0
4309    53 47 0
4310    53 47 0
4311    53 47 0
4312    53 47 0
4313    53 47 0
4314    53 47 0
4315    53 47 0
4316    53 47 0
4317    53 47 0
4318    53 47 0
4319    53 47 0
4320    53 47 0
4321    53 47 0
4322    53 47 0
4323    53 47 0
4324    53 47 0
4325    53 47 0
4326    53 47 0
4327    53 47 0
4328    53 47 0
4329    53 47 0
4330    53 47 0
4331    53 47 0
4332    53 47 0
4333    53 47 0
4334    53 47 0
4335    53 47 0
4336    53 47 0
4337    53 47 0
4338    53 47 0
4339    53 47 0
4340    53 47 0
4341    53 47 0
4342    53 47 0
4343    53 47 0
4344    53 47 0
4345    53 47 0
4346    53 47 0
4347    53 47 0
4348    53 47 0
4349    53 47 0
4350    53 47 0
4351    53 47 0
4352    53 47 0
4353    53 47 0
4354    53 47 0
4355    53 47 0
4356    53 47 0
4357    53 47 0
4358    53 47 0
4359    53 47 0
4360    53 47 0
4361    53 47 0
4362    53 47 0
4363    53 47 0
4364    53 47 0
4365    53 47 0
4366    53 47 0
4367    53 47 0
4368    53 47 0
4369    53 47 0
4370    53 47 0
4371    53 47 0
4372    53 47 0
4373    53 47 0
4374    53 47 0
4375    53 47 0
4376    53 47 0
4377    53 47 0
4378    53 47 0
4379    53 47 0
4380    53 47 0
4381    53 47 0
4382    53 47 0
4383    53 47 0
4384    53 47 0
4385    53 47 0
4386    53 47 0
4387    53 47 0
4388    53 47 0
4389    53 47 0
4390    53 47 0
4391    53 47 0
4392    53 47 0
4393    53 47 0
4394    53 47 0
4395    53 47 0
4396    53 47 0
4397    53 47 0
4398    53 47 0
4399    53 47 0
4400    53 47 0
4401    53 47 0
4402    53 47 0
4403    53 47 0
4404    53 47 0
4405    53 47 0
4406    53 47 0
4407    53 47 0
4408    53 47 0
4409    53 47 0
4410    53 47 0
4411    53 47 0
4412    53 47 0
4413    53 47 0
4414    53 47 0
4415    53 47 0
4416    53 47 0
4417    53 47 0
4418    53 47 0
4419    53 47 0
4420    53 47 0
4421    53 47 0
4422    53 47 0
4423    53 47 0
4424    53 47 0
4425    53 47 0
4426    53 47 0
4427    53 47 0
4428    53 47 0
4429    53 47 0
4430    53 47 0
4431    53 47 0
4432    53 47 0
4433    53 47 0
4434    53 47 0
4435    53 47 0
4436    53 47 0
4437    53 47 0
4438    53 47 0
4439    53 47 0
4440    53 47 0
4441    53 47 0
4442    53 47 0
4443    53 47 0
4444    53 47 0
4445    53 47 0
4446    53 47 0
4447    53 47 0
4448    53 47 0
4449    53 47 0
4450    53 47 0
4451    53 47 0
4452    53 47 0
4453    53 47 0
4454    53 47 0
4455    53 47 0
4456    53 47 0
4457    53 47 0
4458    53 47 0
4459    53 47 0
4460    53 47 0
4461    53 47 0
4462    53 47 0
4463    53 47 0
4464    53 47 0
4465    53 47 0
4466    53 47 0
4467    53 47 0
4468    53 47 0
4469    53 47 0
4470    53 47 0
4471    53 47 0
4472    53 47 0
4473    53 47 0
4474    53 47 0
4475    53 47 0
4476    53 47 0
4477    53 47 0
4478    53 47 0
4479    53 47 0
4480    53 47 0
4481    53 47 0
4482    53 47 0
4483    53 47 0
4484    53 47 0
4485    53 47 0
4486    53 47 0
4487    53 47 0
4488    53 47 0
4489    53 47 0
4490    53 47 0
4491    53 47 0
4492    53 47 0
4493    53 47 0
4494    53 47 0
4495    53 47 0
4496    53 47 0
4497    53 47 0
4498    53 47 0
4499    53 47 0
4500    53 47 0
4501    53 47 0
4502    53 47 0
4503    53 47 0
4504    53 47 0
4505    53 47 0
4506    53 47 0
4507    53 47 0
4508    53 47 0
4509    53 47 0
4510    53 47 0
4511    53 47 0
4512    53 47 0
4513    53 47 0
4514    53 47 0
4515    53 47 0
4516    53 47 0
4517    53 47 0
4518    53 47 0
4519    53 47 0
4520    53 47 0
4521    53 47 0
4522    53 47 0
4523    53 47 0
4524    53 47 0
4525    53 47 0
4526    53 47 0
4527    53 47 0
4528    53 47 0
4529    53 47 0
4530    53 47 0
4531    53 47 0
4532    53 47 0
4533    53 47 0
4534    53 47 0
4535    53 47 0
4536    53 47 0
4537    53 47 0
4538    53 47 0
4539    53 47 0
4540    53 47 0
4541    53 47 0
4542    53 47 0
4543    53 47 0
4544    53 47 0
4545    53 47 0
4546    53 47 0
4547    53 47 0
4548    53 47 0
4549    53 47 0
4550    53 47 0
4551    53 47 0
4552    53 47 0
4553    53 47 0
4554    53 47 0
4555    53 47 0
4556    53 47 0
4557    53 47 0
4558    53 47 0
4559    53 47 0
4560    53 47 0
4561    53 47 0
4562    53 47 0
4563    53 47 0
4564    53 47 0
4565    53 47 0
4566    53 47 0
4567    53 47 0
4568    53 47 0
4569    53 47 0
4570    53 47 0
4571    53 47 0
4572    53 47 0
4573    53 47 0
4574    53 47 0
4575    53 47 0
4576    53 47 0
4577    53 47 0
4578    53 47 0
4579    53 47 0
4580    53 47 0
4581    53 47 0
4582    53 47 0
4583    53 47 0
4584    53 47 0
4585    53 47 0
4586    53 47 0
4587    53 47 0
4588    53 47 0
4589    53 47 0
4590    53 47 0
4591    53 47 0
4592    53 47 0
4593    53 47 0
4594    53 47 0
4595    53 47 0
4596    53 47 0
4597    53 47 0
4598    53 47 0
4599    53 47 0
4600    53 47 0
4601    53 47 0
4602    53 47 0
4603    53 47 0
4604    53 47 0
4605    53 47 0
4606    53 47 0
4607    53 47 0
4608    53 47 0
4609    53 47 0
4610    53 47 0
4611    53 47 0
4612    53 47 0
4613    53 47 0
4614    53 47 0
4615    53 47 0
4616    53 47 0
4617    53 47 0
4618    53 47 0
4619    53 47 0
4620    53 47 0
4621    53 47 0
4622    53 47 0
4623    53 47 0
4624    53 47 0
4625    53 47 0
4626    52 48 0
4627    52 48 0
4628    52 48 0
4629    52 48 0
4630    52 48 0
4631    52 48 0
4632    52 48 0
4633    52 48 0
4634    52 48 0
4635    52 48 0
4636    52 48 0
4637    52 48 0
4638    52 48 0
4639    52 48 0
4640    52 48 0
4641    52 48 0
4642    52 48 0
4643    52 48 0
4644    52 48 0
4645    52 48 0
4646    52 48 0
4647    52 48 0
4648    52 48 0
4649    52 48 0
4650    52 48 0
4651    52 48 0
4652    52 48 0
4653    52 48 0
4654    52 48 0
4655    52 48 0
4656    52 48 0
4657    52 48 0
4658    52 48 0
4659    52 48 0
4660    52 48 0
4661    52 48 0
4662    52 48 0
4663    52 48 0
4664    52 48 0
4665    52 48 0
4666    52 48 0
4667    52 48 0
4668    52 48 0
4669    52 48 0
4670    52 48 0
4671    52 48 0
4672    52 48 0
4673    52 48 0
4674    52 48 0
4675    52 48 0
4676    52 48 0
4677    52 48 0
4678    52 48 0
4679    52 48 0
4680    52 48 0
4681    52 48 0
4682    52 48 0
4683    52 48 0
4684    52 48 0
4685    52 48 0
4686    52 48 0
4687    52 48 0
4688    52 48 0
4689    52 48 0
4690    52 48 0
4691    52 48 0
4692    52 48 0
4693    52 48 0
4694    52 48 0
4695    52 48 0
4696    52 48 0
4697    52 48 0
4698    52 48 0
4699    52 48 0
4700    52 48 0
4701    52 48 0
4702    52 48 0
4703    52 48 0
4704    52 48 0
4705    52 48 0
4706    52 48 0
4707    52 48 0
4708    52 48 0
4709    52 48 0
4710    52 48 0
4711    52 48 0
4712    52 48 0
4713    52 48 0
4714    52 48 0
4715    52 48 0
4716    52 48 0
4717    52 48 0
4718    52 48 0
4719    52 48 0
4720    52 48 0
4721    52 48 0
4722    52 48 0
4723    52 48 0
4724    52 48 0
4725    52 48 0
4726    52 48 0
4727    52 48 0
4728    52 48 0
4729    52 48 0
4730    52 48 0
4731    52 48 0
4732    52 48 0
4733    52 48 0
4734    52 48 0
4735    52 48 0
4736    52 48 0
4737    52 48 0
4738    52 48 0
4739    52 48 0
4740    52 48 0
4741    52 48 0
4742    52 48 0
4743    52 48 0
4744    52 48 0
4745    52 48 0
4746    52 48 0
4747    52 48 0
4748    52 48 0
4749    52 48 0
4750    52 48 0
4751    52 48 0
4752    52 48 0
4753    52 48 0
4754    52 48 0
4755    52 48 0
4756    52 48 0
4757    52 48 0
4758    52 48 0
4759    52 48 0
4760    52 48 0
4761    52 48 0
4762    52 48 0
4763    52 48 0
4764    52 48 0
4765    52 48 0
4766    52 48 0
4767    52 48 0
4768    52 48 0
4769    52 48 0
4770    52 48 0
4771    52 48 0
4772    52 48 0
4773    52 48 0
4774    52 48 0
4775    52 48 0
4776    52 48 0
4777    52 48 0
4778    52 48 0
4779    52 48 0
4780    52 48 0
4781    52 48 0
4782    52 48 0
4783    52 48 0
4784    52 48 0
4785    52 48 0
4786    52 48 0
4787    52 48 0
4788    52 48 0
4789    52 48 0
4790    52 48 0
4791    52 48 0
4792    52 48 0
4793    52 48 0
4794    52 48 0
4795    52 48 0
4796    52 48 0
4797    52 48 0
4798    52 48 0
4799    52 48 0
4800    52 48 0
4801    52 48 0
4802    52 48 0
4803    52 48 0
4804    52 48 0
4805    52 48 0
4806    52 48 0
4807    52 48 0
4808    52 48 0
4809    52 48 0
4810    52 48 0
4811    52 48 0
4812    52 48 0
4813    52 48 0
4814    52 48 0
4815    52 48 0
4816    52 48 0
4817    52 48 0
4818    52 48 0
4819    52 48 0
4820    52 48 0
4821    52 48 0
4822    52 48 0
4823    52 48 0
4824    52 48 0
4825    52 48 0
4826    52 48 0
4827    52 48 0
4828    52 48 0
4829    52 48 0
4830    52 48 0
4831    52 48 0
4832    52 48 0
4833    52 48 0
4834    52 48 0
4835    52 48 0
4836    52 48 0
4837    52 48 0
4838    52 48 0
4839    52 48 0
4840    52 48 0
4841    52 48 0
4842    52 48 0
4843    52 48 0
4844    52 48 0
4845    52 48 0
4846    52 48 0
4847    52 48 0
4848    52 48 0
4849    52 48 0
4850    52 48 0
4851    52 48 0
4852    52 48 0
4853    52 48 0
4854    52 48 0
4855    52 48 0
4856    52 48 0
4857    52 48 0
4858    52 48 0
4859    52 48 0
4860    52 48 0
4861    52 48 0
4862    52 48 0
4863    52 48 0
4864    52 48 0
4865    52 48 0
4866    52 48 0
4867    52 48 0
4868    52 48 0
4869    52 48 0
4870    52 48 0
4871    52 48 0
4872    52 48 0
4873    52 48 0
4874    52 48 0
4875    52 48 0
4876    52 48 0
4877    52 48 0
4878    52 48 0
4879    52 48 0
4880    52 48 0
4881    52 48 0
4882    52 48 0
4883    52 48 0
4884    52 48 0
4885    52 48 0
4886    52 48 0
4887    52 48 0
4888    52 48 0
4889    52 48 0
4890    52 48 0
4891    52 48 0
4892    52 48 0
4893    52 48 0
4894    52 48 0
4895    52 48 0
4896    52 48 0
4897    52 48 0
4898    52 48 0
4899    51 49 0
4900    51 49 0
4901    51 49 0
4902    51 49 0
4903    51 49 0
4904    51 49 0
4905    51 49 0
4906    51 49 0
4907    51 49 0
4908    51 49 0
4909    51 49 0
4910    51 49 0
4911    51 49 0
4912    51 49 0
4913    51 49 0
4914    51 49 0
4915    51 49 0
4916    51 49 0
4917    51 49 0
4918    51 49 0
4919    51 49 0
4920    51 49 0
4921    51 49 0
4922    51 49 0
4923    51 49 0
4924    51 49 0
4925    51 49 0
4926    51 49 0
4927    51 49 0
4928    51 49 0
4929    51 49 0
4930    51 49 0
4931    51 49 0
4932    51 49 0
4933    51 49 0
4934    51 49 0
4935    51 49 0
4936    51 49 0
4937    51 49 0
4938    51 49 0
4939    51 49 0
4940    51 49 0
4941    51 49 0
4942    51 49 0
4943    51 49 0
4944    51 49 0
4945    51 49 0
4946    51 49 0
4947    51 49 0
4948    51 49 0
4949    51 49 0
4950    51 49 0
4951    51 49 0
4952    51 49 0
4953    51 49 0
4954    51 49 0
4955    51 49 0
4956    51 49 0
4957    51 49 0
4958    51 49 0
4959    51 49 0
4960    51 49 0
4961    51 49 0
4962    51 49 0
4963    51 49 0
4964    50 50 0
4965    50 50 0
4966    50 50 0
4967    50 50 0
4968    50 50 0
4969    50 50 0
4970    50 50 0
4971    50 50 0
4972    50 50 0
4973    50 50 0
4974    50 50 0
4975    50 50 0
4976    50 50 0
4977    50 50 0
4978    50 50 0
4979    50 50 0
4980    50 50 0
4981    50 50 0
4982    50 50 0
4983    50 50 0
4984    50 50 0
4985    50 50 0
4986    50 50 0
4987    50 50 0
4988    50 50 0
4989    50 50 0
4990    50 50 0
4991    50 50 0
4992    50 50 0
4993    50 50 0
4994    50 50 0
4995    50 50 0
4996    50 50 0
4997    50 50 0
4998    50 50 0
4999    50 50 0
5000    50 50 0
5001    50 50 0
5002    50 50 0
5003    50 50 0
5004    50 50 0
5005    50 50 0
5006    50 50 0
5007    50 50 0
5008    50 50 0
5009    50 50 0
5010    50 50 0
5011    50 50 0
5012    50 50 0
5013    50 50 0
5014    50 50 0
5015    50 50 0
5016    50 50 0
5017    50 50 0
5018    50 50 0
5019    50 50 0
5020    50 50 0
5021    50 50 0
5022    50 50 0
5023    50 50 0
5024    50 50 0
5025    50 50 0
5026    50 50 0
5027    50 50 0
5028    50 50 0
5029    50 50 0
5030    50 50 0
5031    50 50 0
5032    50 50 0
5033    50 50 0
5034    50 50 0
5035    50 50 0
5036    50 50 0
5037    50 50 0
5038    50 50 0
5039    50 50 0
5040    50 50 0
5041    50 50 0
5042    50 50 0
5043    50 50 0
5044    50 50 0
5045    50 50 0
5046    50 50 0
5047    50 50 0
5048    50 50 0
5049    50 50 0
5050    50 50 0
5051    50 50 0
5052    50 50 0
5053    50 50 0
5054    50 50 0
5055    50 50 0
5056    50 50 0
5057    50 50 0
5058    50 50 0
5059    50 50 0
5060    50 50 0
5061    50 50 0
5062    50 50 0
5063    50 50 0
5064    50 50 0
5065    50 50 0
5066    50 50 0
5067    50 50 0
5068    50 50 0
5069    50 50 0
5070    50 50 0
5071    50 50 0
5072    50 50 0
5073    50 50 0
5074    50 50 0
5075    50 50 0
5076    50 50 0
5077    50 50 0
5078    50 50 0
5079    50 50 0
5080    50 50 0
5081    50 50 0
5082    50 50 0
5083    50 50 0
5084    50 50 0
5085    50 50 0
5086    50 50 0
5087    50 50 0
5088    50 50 0
5089    50 50 0
5090    50 50 0
5091    50 50 0
5092    50 50 0
5093    50 50 0
5094    50 50 0
5095    50 50 0
5096    50 50 0
5097    50 50 0
5098    50 50 0
5099    50 50 0
5100    50 50 0
5101    50 50 0
5102    50 50 0
5103    50 50 0
5104    50 50 0
5105    50 50 0
5106    50 50 0
5107    50 50 0
5108    50 50 0
5109    50 50 0
5110    50 50 0
5111    50 50 0
5112    50 50 0
5113    50 50 0
5114    50 50 0
5115    50 50 0
5116    50 50 0
5117    50 50 0
5118    50 50 0
5119    50 50 0
5120    50 50 0
5121    50 50 0
5122    50 50 0
5123    50 50 0
5124    50 50 0
5125    50 50 0
5126    50 50 0
5127    51 49 0
5128    51 49 0
5129    51 49 0
5130    51 49 0
5131    51 49 0
5132    51 49 0
5133    51 49 0
5134    51 49 0
5135    51 49 0
5136    51 49 0
5137    51 49 0
5138    51 49 0
5139    51 49 0
5140    51 49 0
5141    51 49 0
5142    51 49 0
5143    51 49 0
5144    51 49 0
5145    51 49 0
5146    51 49 0
5147    51 49 0
5148    51 49 0
5149    51 49 0
5150    51 49 0
5151    51 49 0
5152    51 49 0
5153    51 49 0
5154    51 49 0
5155    51 49 0
5156    51 49 0
5157    51 49 0
5158    51 49 0
5159    51 49 0
5160    51 49 0
5161    51 49 0
5162    51 49 0
5163    51 49 0
5164    51 49 0
5165    51 49 0
5166    51 49 0
5167    51 49 0
5168    51 49 0
5169    51 49 0
5170    51 49 0
5171    51 49 0
5172    51 49 0
5173    51 49 0
5174    51 49 0
5175    51 49 0
5176    51 49 0
5177    51 49 0
5178    51 49 0
5179    51 49 0
5180    51 49 0
5181    51 49 0
5182    51 49 0
5183    51 49 0
5184    51 49 0
5185    51 49 0
5186    51 49 0
5187    51 49 0
5188    51 49 0
5189    51 49 0
5190    51 49 0
5191    51 49 0
5192    51 49 0
5193    51 49 0
5194    51 49 0
5195    51 49 0
5196    51 49 0
5197    51 49 0
5198    51 49 0
5199    51 49 0
5200    51 49 0
5201    51 49 0
5202    51 49 0
5203    51 49 0
5204    51 49 0
5205    51 49 0
5206    51 49 0
5207    51 49 0
5208    51 49 0
5209    51 49 0
5210    51 49 0
5211    51 49 0
5212    51 49 0
5213    51 49 0
5214    51 49 0
5215    51 49 0
5216    51 49 0
5217    51 49 0
5218    51 49 0
5219    51 49 0
5220    51 49 0
5221    51 49 0
5222    51 49 0
5223    51 49 0
5224    51 49 0
5225    51 49 0
5226    51 49 0
5227    51 49 0
5228    51 49 0
5229    51 49 0
5230    51 49 0
5231    51 49 0
5232    51 49 0
5233    51 49 0
5234    51 49 0
5235    51 49 0
5236    51 49 0
5237    51 49 0
5238    51 49 0
5239    51 49 0
5240    51 49 0
5241    51 49 0
5242    51 49 0
5243    51 49 0
5244    51 49 0
5245    51 49 0
5246    51 49 0
5247    51 49 0
5248    51 49 0
5249    51 49 0
5250    51 49 0
5251    51 49 0
5252    51 49 0
5253    51 49 0
5254    51 49 0
5255    51 49 0
5256    51 49 0
5257    51 49 0
5258    51 49 0
5259    51 49 0
5260    51 49 0
5261    51 49 0
5262    51 49 0
5263    51 49 0
5264    52 48 0
5265    52 48 0
5266    52 48 0
5267    52 48 0
5268    52 48 0
5269    52 48 0
5270    52 48 0
5271    52 48 0
5272    52 48 0
5273    52 48 0
5274    52 48 0
5275    52 48 0
5276    52 48 0
5277    52 48 0
5278    52 48 0
5279    52 48 0
5280    52 48 0
5281    52 48 0
5282    52 48 0
5283    52 48 0
5284    52 48 0
5285    52 48 0
5286    52 48 0
5287    52 48 0
5288    52 48 0
5289    52 48 0
5290    52 48 0
5291    52 48 0
5292    52 48 0
5293    52 48 0
5294    52 48 0
5295    52 48 0
5296    52 48 0
5297    52 48 0
5298    52 48 0
5299    52 48 0
5300    52 48 0
5301    52 48 0
5302    52 48 0
5303    52 48 0
5304    52 48 0
5305    52 48 0
5306    52 48 0
5307    52 48 0
5308    52 48 0
5309    52 48 0
5310    52 48 0
5311    52 48 0
5312    52 48 0
5313    52 48 0
5314    52 48 0
5315    52 48 0
5316    52 48 0
5317    52 48 0
5318    52 48 0
5319    52 48 0
5320    52 48 0
5321    52 48 0
5322    52 48 0
5323    52 48 0
5324    52 48 0
5325    52 48 0
5326    52 48 0
5327    52 48 0
5328    52 48 0
5329    52 48 0
5330    52 48 0
5331    52 48 0
5332    52 48 0
5333    52 48 0
5334    52 48 0
5335    52 48 0
5336    52 48 0
5337    52 48 0
5338    52 48 0
5339    52 48 0
5340    52 48 0
5341    52 48 0
5342    52 48 0
5343    52 48 0
5344    52 48 0
5345    52 48 0
5346    52 48 0
5347    52 48 0
5348    52 48 0
5349    52 48 0
5350    52 48 0
5351    52 48 0
5352    52 48 0
5353    52 48 0
5354    52 48 0
5355    52 48 0
5356    52 48 0
5357    52 48 0
5358    52 48 0
5359    52 48 0
5360    52 48 0
5361    52 48 0
5362    52 48 0
5363    52 48 0
5364    52 48 0
5365    52 48 0
5366    52 48 0
5367    52 48 0
5368    52 48 0
5369    52 48 0
5370    52 48 0
5371    52 48 0
5372    52 48 0
5373    52 48 0
5374    52 48 0
5375    52 48 0
5376    52 48 0
5377    52 48 0
5378    52 48 0
5379    52 48 0
5380    52 48 0
5381    52 48 0
5382    52 48 0
5383    52 48 0
5384    52 48 0
5385    52 48 0
5386    52 48 0
5387    52 48 0
5388    52 48 0
5389    52 48 0
5390    52 48 0
5391    52 48 0
5392    52 48 0
5393    52 48 0
5394    52 48 0
5395    52 48 0
5396    52 48 0
5397    52 48 0
5398    52 48 0
5399    52 48 0
5400    52 48 0
5401    52 48 0
5402    52 48 0
5403    52 48 0
5404    52 48 0
5405    52 48 0
5406    52 48 0
5407    53 47 0
5408    53 47 0
5409    53 47 0
5410    53 47 0
5411    53 47 0
5412    53 47 0
5413    53 47 0
5414    53 47 0
5415    53 47 0
5416    53 47 0
5417    53 47 0
