time;1    25 25 0
2    25 25 0
3    25 25 0
4    25 25 0
5    25 25 0
6    25 25 0
7    25 25 0
8    25 25 0
9    25 25 0
10    25 25 0
11    25 25 0
12    25 25 0
13    25 25 0
14    25 25 0
15    25 25 0
16    25 25 0
17    25 25 0
18    25 25 0
19    25 25 0
20    25 25 0
21    25 25 0
22    25 25 0
23    25 25 0
24    25 25 0
25    25 25 0
26    25 25 0
27    25 25 0
28    25 25 0
29    25 25 0
30    25 25 0
31    25 25 0
32    25 25 0
33    25 25 0
34    25 25 0
35    25 25 0
36    25 25 0
37    25 25 0
38    25 25 0
39    25 25 0
40    25 25 0
41    25 25 0
42    25 25 0
43    25 25 0
44    25 25 0
45    25 25 0
46    25 25 0
47    25 25 0
48    25 25 0
49    25 25 0
50    25 25 0
51    25 25 0
52    25 25 0
53    25 25 0
54    25 25 0
55    25 25 0
56    25 25 0
57    25 25 0
58    25 25 0
59    25 25 0
60    25 25 0
61    25 25 0
62    25 25 0
63    25 25 0
64    25 25 0
65    25 25 0
66    25 25 0
67    25 25 0
68    25 25 0
69    25 25 0
70    25 25 0
71    25 25 0
72    25 25 0
73    25 25 0
74    25 25 0
75    25 25 0
76    25 25 0
77    25 25 0
78    25 25 0
79    25 25 0
80    25 25 0
81    25 25 0
82    25 25 0
83    25 25 0
84    25 25 0
85    25 25 0
86    25 25 0
87    25 25 0
88    25 25 0
89    25 25 0
90    25 25 0
91    25 25 0
92    25 25 0
93    25 25 0
94    25 25 0
95    25 25 0
